# Created by Octave 6.2.0, Tue May 25 01:42:35 2021 GMT <unknown@DESKTOP-PM2CTTO>
# name: confMatrix1
# type: matrix
# ndims: 3
 10 11 50
 4869
 12
 91
 144
 12
 2
 971
 0
 22
 1
 24
 5774
 10
 75
 23
 2
 23
 0
 5
 0
 96
 24
 4725
 79
 640
 1
 733
 0
 29
 0
 442
 163
 59
 5374
 283
 2
 245
 0
 53
 0
 13
 7
 598
 141
 4350
 0
 452
 0
 27
 0
 35
 2
 30
 16
 18
 5568
 36
 452
 59
 114
 420
 14
 430
 143
 633
 0
 3425
 0
 82
 0
 0
 0
 1
 0
 0
 226
 4
 5106
 22
 171
 96
 4
 56
 26
 40
 28
 110
 17
 5688
 2
 5
 0
 0
 2
 1
 171
 1
 425
 13
 5712
 0
 0
 0
 0
 0
 0
 0
 0
 0
 0
 4971
 14
 90
 143
 10
 3
 934
 0
 14
 1
 21
 5796
 11
 53
 23
 0
 26
 0
 5
 1
 98
 23
 4833
 61
 598
 1
 654
 0
 34
 0
 393
 145
 68
 5450
 252
 1
 229
 0
 46
 0
 22
 8
 548
 153
 4548
 0
 446
 0
 23
 0
 24
 1
 12
 7
 11
 5659
 10
 400
 24
 100
 398
 9
 381
 113
 524
 0
 3606
 0
 76
 1
 0
 0
 1
 0
 1
 178
 3
 5230
 22
 160
 70
 4
 56
 19
 32
 24
 91
 17
 5747
 3
 3
 0
 0
 1
 1
 134
 1
 353
 9
 5734
 0
 0
 0
 0
 0
 0
 0
 0
 0
 0
 5035
 15
 79
 135
 8
 5
 897
 0
 5
 2
 23
 5811
 8
 45
 23
 0
 23
 0
 5
 0
 95
 20
 4874
 46
 554
 0
 589
 0
 31
 0
 352
 127
 67
 5494
 235
 2
 214
 0
 37
 0
 23
 10
 559
 163
 4697
 0
 440
 0
 29
 1
 18
 1
 5
 3
 8
 5704
 6
 351
 17
 90
 385
 12
 359
 95
 443
 1
 3742
 0
 71
 1
 0
 0
 1
 0
 1
 154
 2
 5317
 20
 153
 66
 4
 48
 18
 30
 22
 86
 17
 5777
 4
 3
 0
 0
 1
 1
 112
 1
 315
 8
 5749
 0
 0
 0
 0
 0
 0
 0
 0
 0
 0
 5073
 14
 73
 135
 8
 4
 861
 0
 7
 2
 22
 5817
 7
 43
 20
 0
 22
 0
 6
 0
 96
 19
 4900
 41
 520
 0
 549
 0
 27
 0
 318
 125
 66
 5499
 226
 4
 209
 0
 35
 0
 20
 9
 565
 170
 4784
 0
 444
 0
 27
 1
 17
 1
 5
 1
 8
 5726
 5
 308
 16
 82
 389
 12
 346
 91
 408
 1
 3832
 0
 64
 1
 0
 0
 2
 0
 0
 141
 2
 5378
 19
 152
 64
 3
 36
 19
 26
 21
 75
 16
 5795
 4
 1
 0
 0
 1
 0
 103
 1
 298
 4
 5758
 0
 0
 0
 0
 0
 0
 0
 0
 0
 0
 5113
 14
 65
 135
 10
 3
 848
 0
 8
 2
 19
 5827
 7
 40
 19
 0
 23
 0
 5
 0
 90
 17
 4917
 43
 487
 1
 502
 0
 27
 0
 302
 119
 67
 5496
 221
 3
 196
 0
 33
 0
 19
 7
 563
 180
 4862
 0
 441
 0
 26
 1
 13
 1
 5
 1
 6
 5751
 1
 274
 16
 70
 383
 12
 342
 88
 370
 1
 3915
 0
 53
 1
 0
 0
 2
 0
 0
 126
 2
 5435
 18
 146
 60
 3
 32
 16
 25
 20
 71
 16
 5810
 4
 1
 0
 0
 1
 0
 95
 1
 275
 4
 5776
 0
 0
 0
 0
 0
 0
 0
 0
 0
 0
 5151
 16
 67
 131
 12
 3
 842
 0
 11
 2
 19
 5832
 7
 38
 17
 0
 20
 0
 5
 1
 88
 14
 4937
 41
 471
 0
 484
 0
 25
 0
 283
 116
 69
 5509
 211
 3
 189
 0
 31
 0
 20
 7
 555
 174
 4914
 0
 430
 0
 24
 1
 10
 1
 5
 1
 5
 5769
 1
 246
 14
 67
 380
 11
 329
 88
 347
 2
 3968
 0
 53
 1
 0
 0
 2
 0
 0
 119
 2
 5475
 17
 142
 49
 3
 29
 17
 23
 18
 63
 16
 5816
 4
 0
 0
 0
 1
 0
 86
 1
 263
 4
 5782
 0
 0
 0
 0
 0
 0
 0
 0
 0
 0
 5192
 17
 66
 128
 13
 3
 831
 0
 11
 2
 17
 5837
 7
 36
 14
 0
 20
 0
 6
 1
 89
 12
 4966
 39
 460
 0
 463
 1
 24
 0
 261
 112
 68
 5509
 209
 2
 182
 0
 29
 0
 21
 7
 544
 178
 4955
 0
 427
 0
 24
 1
 9
 1
 5
 1
 4
 5778
 1
 229
 15
 64
 366
 11
 316
 92
 324
 2
 4011
 0
 48
 1
 0
 0
 2
 0
 0
 116
 3
 5506
 17
 141
 45
 3
 26
 16
 21
 18
 61
 15
 5823
 3
 0
 0
 0
 1
 0
 81
 1
 249
 3
 5787
 0
 0
 0
 0
 0
 0
 0
 0
 0
 0
 5227
 17
 67
 131
 14
 2
 828
 0
 11
 2
 15
 5843
 7
 33
 9
 0
 20
 0
 6
 1
 90
 11
 4991
 40
 454
 0
 449
 1
 24
 0
 236
 108
 66
 5511
 199
 2
 171
 0
 28
 0
 23
 7
 537
 175
 4990
 0
 418
 0
 22
 1
 7
 1
 5
 1
 5
 5798
 1
 213
 15
 59
 357
 12
 300
 92
 308
 3
 4058
 0
 45
 1
 0
 0
 2
 0
 0
 106
 3
 5539
 16
 141
 45
 1
 25
 16
 21
 17
 51
 15
 5830
 3
 0
 0
 0
 1
 0
 72
 1
 232
 3
 5792
 0
 0
 0
 0
 0
 0
 0
 0
 0
 0
 5263
 17
 66
 128
 16
 1
 834
 0
 11
 2
 13
 5845
 7
 31
 7
 0
 20
 0
 6
 0
 89
 12
 5020
 41
 450
 0
 437
 1
 24
 0
 224
 107
 65
 5518
 192
 2
 165
 0
 25
 0
 22
 7
 526
 171
 5017
 0
 417
 0
 21
 2
 7
 1
 5
 1
 5
 5810
 1
 204
 13
 54
 341
 10
 284
 93
 294
 3
 4074
 0
 42
 0
 0
 0
 1
 0
 0
 100
 3
 5554
 16
 139
 41
 1
 26
 16
 19
 16
 48
 14
 5839
 3
 0
 0
 0
 1
 0
 68
 1
 227
 3
 5800
 0
 0
 0
 0
 0
 0
 0
 0
 0
 0
 5292
 19
 67
 125
 17
 1
 831
 0
 11
 2
 12
 5849
 7
 30
 6
 0
 20
 0
 5
 0
 88
 12
 5039
 42
 443
 0
 427
 1
 26
 0
 208
 104
 63
 5527
 183
 2
 158
 0
 25
 0
 23
 6
 521
 167
 5040
 0
 408
 0
 20
 2
 6
 1
 3
 1
 5
 5822
 1
 200
 12
 53
 330
 8
 274
 91
 289
 3
 4106
 0
 41
 0
 0
 0
 1
 0
 0
 94
 3
 5564
 14
 138
 41
 1
 25
 16
 17
 15
 45
 13
 5843
 2
 0
 0
 0
 1
 0
 63
 1
 222
 3
 5803
 0
 0
 0
 0
 0
 0
 0
 0
 0
 0
 5331
 19
 68
 123
 19
 1
 820
 0
 12
 2
 10
 5850
 7
 27
 7
 0
 18
 0
 5
 0
 86
 11
 5064
 43
 437
 0
 427
 1
 27
 0
 191
 104
 63
 5540
 174
 2
 157
 0
 23
 0
 23
 6
 508
 166
 5058
 0
 388
 0
 20
 2
 5
 1
 3
 1
 5
 5828
 1
 194
 12
 50
 316
 8
 263
 86
 283
 3
 4144
 0
 36
 0
 0
 0
 1
 0
 0
 94
 0
 5576
 13
 138
 38
 1
 23
 14
 17
 14
 44
 13
 5850
 3
 0
 0
 0
 0
 0
 58
 1
 216
 2
 5805
 0
 0
 0
 0
 0
 0
 0
 0
 0
 0
 5359
 18
 70
 125
 19
 1
 826
 0
 17
 2
 9
 5856
 6
 25
 7
 0
 18
 0
 5
 0
 82
 9
 5095
 45
 430
 0
 416
 1
 26
 0
 182
 100
 62
 5548
 175
 2
 151
 0
 19
 0
 22
 6
 489
 163
 5069
 0
 374
 0
 18
 2
 4
 1
 4
 1
 5
 5841
 0
 189
 11
 48
 304
 9
 253
 80
 277
 3
 4171
 0
 37
 0
 0
 0
 1
 0
 0
 90
 0
 5594
 13
 133
 38
 1
 20
 13
 18
 14
 43
 12
 5852
 3
 0
 0
 0
 0
 0
 49
 1
 204
 2
 5812
 0
 0
 0
 0
 0
 0
 0
 0
 0
 0
 5382
 16
 73
 123
 19
 1
 823
 0
 17
 2
 8
 5858
 6
 24
 7
 0
 17
 0
 5
 0
 82
 9
 5123
 45
 424
 0
 418
 1
 26
 0
 172
 100
 60
 5554
 168
 2
 145
 0
 19
 0
 23
 6
 468
 159
 5087
 0
 362
 0
 18
 2
 4
 1
 4
 2
 5
 5857
 0
 179
 11
 48
 293
 9
 246
 81
 272
 3
 4191
 0
 34
 0
 0
 0
 0
 0
 0
 81
 0
 5610
 12
 129
 36
 1
 20
 12
 18
 14
 43
 11
 5856
 3
 0
 0
 0
 0
 0
 42
 1
 199
 2
 5816
 0
 0
 0
 0
 0
 0
 0
 0
 0
 0
 5405
 16
 79
 124
 19
 0
 831
 0
 17
 2
 8
 5859
 5
 23
 7
 0
 16
 0
 5
 0
 81
 9
 5153
 46
 419
 0
 411
 1
 25
 0
 168
 99
 58
 5559
 165
 2
 138
 0
 18
 0
 24
 6
 456
 156
 5099
 0
 359
 0
 18
 1
 4
 1
 4
 2
 5
 5865
 0
 180
 10
 46
 277
 9
 226
 78
 268
 4
 4205
 0
 32
 0
 0
 0
 0
 0
 0
 76
 0
 5610
 11
 127
 33
 1
 19
 12
 18
 14
 39
 11
 5862
 3
 0
 0
 0
 0
 0
 39
 1
 198
 2
 5821
 0
 0
 0
 0
 0
 0
 0
 0
 0
 0
 5428
 16
 75
 122
 21
 0
 820
 0
 16
 2
 8
 5860
 5
 22
 7
 0
 15
 0
 4
 0
 83
 9
 5188
 46
 408
 0
 406
 1
 25
 0
 158
 98
 56
 5566
 158
 2
 134
 0
 17
 0
 21
 7
 439
 150
 5119
 0
 351
 0
 18
 0
 4
 1
 5
 2
 4
 5870
 0
 169
 9
 42
 265
 8
 213
 80
 266
 4
 4235
 0
 29
 0
 0
 0
 0
 0
 0
 74
 0
 5626
 11
 125
 33
 1
 19
 12
 17
 13
 38
 11
 5869
 2
 0
 0
 0
 0
 0
 37
 1
 193
 2
 5829
 0
 0
 0
 0
 0
 0
 0
 0
 0
 0
 5447
 17
 78
 120
 22
 0
 822
 0
 17
 2
 8
 5863
 5
 20
 7
 0
 15
 0
 4
 0
 81
 9
 5212
 48
 406
 0
 403
 0
 23
 0
 148
 94
 54
 5569
 156
 2
 131
 0
 16
 0
 20
 7
 426
 147
 5131
 0
 337
 0
 17
 0
 3
 1
 5
 2
 4
 5875
 0
 165
 9
 39
 260
 8
 203
 83
 257
 4
 4255
 1
 28
 0
 0
 0
 0
 0
 0
 72
 0
 5639
 11
 120
 33
 1
 17
 11
 17
 12
 36
 11
 5873
 3
 0
 0
 0
 0
 0
 35
 1
 184
 2
 5836
 0
 0
 0
 0
 0
 0
 0
 0
 0
 0
 5469
 17
 78
 118
 23
 0
 819
 0
 15
 2
 8
 5865
 5
 20
 6
 0
 15
 0
 4
 0
 80
 9
 5226
 46
 402
 0
 401
 0
 25
 0
 144
 93
 54
 5582
 155
 2
 128
 0
 15
 0
 19
 7
 420
 141
 5139
 0
 328
 0
 17
 0
 3
 1
 5
 2
 3
 5886
 0
 159
 8
 36
 246
 7
 196
 80
 257
 4
 4275
 1
 27
 0
 0
 0
 0
 0
 0
 66
 0
 5650
 10
 117
 31
 1
 16
 11
 15
 11
 33
 11
 5876
 3
 0
 0
 0
 0
 0
 31
 1
 179
 3
 5842
 0
 0
 0
 0
 0
 0
 0
 0
 0
 0
 5481
 17
 80
 119
 23
 0
 816
 0
 16
 2
 6
 5866
 5
 18
 6
 0
 14
 0
 4
 0
 80
 9
 5236
 46
 404
 0
 396
 0
 25
 0
 141
 92
 53
 5590
 156
 2
 127
 0
 14
 0
 19
 7
 415
 135
 5144
 0
 319
 0
 16
 0
 3
 1
 4
 2
 3
 5893
 0
 147
 6
 36
 242
 7
 191
 79
 249
 3
 4296
 1
 26
 0
 0
 0
 0
 0
 0
 63
 0
 5669
 11
 115
 28
 1
 16
 11
 15
 10
 31
 11
 5879
 3
 0
 0
 0
 0
 0
 29
 1
 172
 3
 5844
 0
 0
 0
 0
 0
 0
 0
 0
 0
 0
 5496
 18
 81
 117
 24
 0
 807
 0
 19
 2
 6
 5866
 5
 17
 6
 0
 14
 0
 4
 0
 80
 7
 5254
 45
 398
 0
 381
 0
 25
 0
 137
 92
 52
 5600
 156
 2
 124
 0
 13
 0
 19
 8
 409
 129
 5155
 0
 311
 0
 16
 0
 3
 1
 5
 2
 3
 5895
 0
 141
 6
 35
 234
 7
 180
 79
 243
 3
 4332
 2
 24
 0
 0
 0
 0
 1
 0
 62
 0
 5678
 11
 114
 25
 1
 14
 10
 15
 10
 30
 10
 5879
 3
 0
 0
 0
 0
 0
 28
 1
 169
 3
 5846
 0
 0
 0
 0
 0
 0
 0
 0
 0
 0
 5508
 19
 81
 116
 23
 0
 801
 0
 17
 2
 7
 5869
 5
 17
 6
 0
 13
 0
 4
 0
 78
 6
 5273
 44
 393
 0
 371
 0
 26
 0
 134
 90
 52
 5603
 154
 2
 125
 0
 13
 0
 19
 8
 396
 128
 5163
 0
 302
 0
 14
 0
 3
 1
 5
 2
 3
 5898
 0
 135
 6
 32
 228
 6
 175
 80
 243
 3
 4359
 2
 23
 0
 0
 0
 0
 1
 0
 60
 0
 5687
 11
 114
 23
 1
 13
 9
 15
 9
 28
 10
 5883
 3
 0
 0
 0
 0
 0
 28
 1
 166
 3
 5849
 0
 0
 0
 0
 0
 0
 0
 0
 0
 0
 5529
 19
 83
 114
 23
 0
 790
 0
 16
 2
 7
 5870
 3
 16
 6
 0
 13
 0
 5
 0
 77
 6
 5286
 44
 392
 0
 374
 0
 25
 0
 128
 89
 48
 5607
 153
 2
 125
 0
 12
 0
 19
 8
 391
 127
 5169
 0
 292
 0
 14
 0
 3
 1
 5
 2
 3
 5902
 0
 129
 6
 30
 214
 6
 172
 80
 239
 3
 4380
 2
 21
 0
 0
 0
 0
 1
 0
 58
 0
 5700
 10
 111
 23
 1
 12
 9
 15
 9
 25
 10
 5888
 3
 0
 0
 0
 0
 0
 26
 1
 159
 3
 5854
 0
 0
 0
 0
 0
 0
 0
 0
 0
 0
 5543
 20
 83
 114
 23
 0
 782
 0
 19
 2
 7
 5871
 3
 13
 6
 0
 14
 0
 5
 0
 74
 7
 5296
 44
 396
 0
 367
 0
 25
 0
 127
 87
 48
 5618
 151
 2
 120
 0
 10
 0
 16
 8
 385
 121
 5176
 0
 284
 0
 13
 0
 3
 1
 5
 2
 1
 5908
 0
 127
 5
 29
 210
 5
 168
 77
 232
 3
 4408
 3
 22
 0
 0
 0
 0
 1
 0
 55
 0
 5706
 10
 107
 20
 1
 12
 10
 15
 9
 24
 8
 5888
 3
 0
 0
 0
 0
 0
 23
 1
 156
 3
 5859
 0
 0
 0
 0
 0
 0
 0
 0
 0
 0
 5553
 19
 83
 115
 23
 0
 783
 0
 18
 2
 7
 5873
 3
 13
 7
 0
 14
 0
 4
 0
 74
 7
 5306
 45
 389
 0
 363
 0
 24
 0
 122
 86
 48
 5619
 148
 2
 120
 0
 10
 0
 16
 8
 376
 121
 5186
 0
 271
 0
 13
 0
 3
 1
 5
 1
 1
 5909
 0
 120
 5
 29
 205
 5
 168
 75
 234
 3
 4428
 3
 22
 0
 0
 0
 0
 1
 0
 54
 0
 5716
 10
 108
 20
 1
 11
 10
 12
 9
 20
 8
 5891
 3
 0
 0
 0
 0
 0
 23
 1
 153
 3
 5858
 0
 0
 0
 0
 0
 0
 0
 0
 0
 0
 5563
 18
 80
 116
 25
 0
 767
 0
 18
 2
 7
 5874
 3
 13
 7
 0
 14
 0
 4
 0
 75
 7
 5322
 43
 386
 0
 359
 0
 24
 0
 119
 85
 47
 5625
 146
 2
 116
 0
 10
 0
 15
 8
 369
 116
 5197
 0
 268
 0
 13
 0
 3
 1
 4
 1
 1
 5919
 0
 116
 5
 27
 204
 6
 166
 76
 225
 3
 4456
 2
 21
 0
 0
 0
 0
 1
 0
 50
 0
 5721
 10
 105
 14
 1
 9
 9
 13
 8
 19
 8
 5892
 3
 0
 0
 0
 0
 0
 18
 1
 153
 3
 5863
 0
 0
 0
 0
 0
 0
 0
 0
 0
 0
 5580
 19
 78
 114
 24
 0
 757
 0
 18
 1
 6
 5875
 3
 13
 7
 0
 14
 0
 3
 0
 75
 6
 5331
 43
 378
 0
 348
 0
 24
 0
 110
 85
 48
 5628
 142
 1
 111
 0
 11
 0
 15
 8
 364
 113
 5208
 0
 262
 0
 13
 0
 3
 1
 4
 1
 1
 5923
 0
 111
 5
 27
 199
 5
 164
 78
 227
 3
 4487
 2
 20
 0
 0
 0
 0
 1
 0
 48
 0
 5727
 8
 103
 12
 1
 8
 9
 13
 8
 20
 8
 5895
 3
 0
 0
 0
 0
 0
 17
 1
 152
 3
 5866
 0
 0
 0
 0
 0
 0
 0
 0
 0
 0
 5591
 18
 77
 110
 23
 0
 751
 0
 17
 1
 7
 5875
 3
 13
 7
 0
 13
 0
 3
 0
 74
 6
 5341
 45
 366
 0
 344
 0
 25
 0
 105
 85
 47
 5641
 141
 1
 110
 0
 12
 0
 15
 8
 358
 107
 5222
 0
 249
 0
 12
 0
 3
 1
 4
 1
 1
 5928
 0
 108
 5
 27
 193
 6
 162
 75
 228
 2
 4514
 2
 20
 0
 0
 0
 0
 1
 0
 47
 0
 5732
 8
 102
 12
 1
 8
 7
 12
 8
 18
 8
 5895
 3
 0
 0
 0
 0
 0
 14
 1
 150
 3
 5867
 0
 0
 0
 0
 0
 0
 0
 0
 0
 0
 5606
 18
 76
 106
 22
 0
 740
 0
 16
 1
 6
 5876
 3
 13
 7
 0
 13
 0
 3
 0
 74
 6
 5349
 44
 360
 0
 336
 0
 26
 0
 101
 84
 47
 5650
 141
 1
 109
 0
 11
 0
 15
 8
 352
 100
 5235
 0
 244
 0
 12
 0
 3
 1
 4
 1
 1
 5933
 0
 104
 5
 27
 183
 6
 162
 78
 224
 2
 4538
 2
 20
 0
 0
 0
 0
 1
 0
 44
 0
 5735
 7
 99
 12
 1
 7
 7
 10
 7
 19
 8
 5897
 3
 0
 0
 0
 0
 0
 13
 1
 151
 3
 5870
 0
 0
 0
 0
 0
 0
 0
 0
 0
 0
 5611
 18
 77
 101
 22
 0
 725
 0
 15
 1
 6
 5877
 3
 12
 6
 0
 12
 0
 3
 0
 74
 6
 5352
 44
 354
 0
 328
 0
 26
 0
 99
 83
 46
 5657
 139
 1
 106
 0
 11
 0
 15
 8
 351
 97
 5246
 0
 241
 0
 13
 0
 3
 1
 4
 2
 1
 5937
 0
 100
 6
 26
 181
 6
 159
 81
 222
 2
 4570
 2
 19
 0
 0
 0
 0
 1
 0
 41
 0
 5739
 7
 98
 11
 1
 8
 5
 10
 7
 17
 8
 5897
 3
 0
 0
 0
 0
 0
 12
 1
 151
 3
 5872
 0
 0
 0
 0
 0
 0
 0
 0
 0
 0
 5616
 17
 76
 94
 21
 0
 712
 0
 15
 1
 6
 5878
 3
 13
 6
 0
 12
 0
 3
 0
 75
 6
 5370
 45
 350
 0
 317
 0
 24
 0
 99
 83
 45
 5662
 136
 1
 104
 0
 11
 0
 14
 8
 343
 96
 5262
 0
 232
 0
 14
 0
 3
 1
 3
 2
 1
 5939
 0
 96
 6
 26
 175
 6
 152
 82
 216
 2
 4605
 2
 19
 0
 0
 0
 0
 1
 0
 39
 0
 5749
 7
 98
 12
 1
 8
 5
 8
 6
 17
 8
 5898
 3
 0
 0
 0
 0
 0
 13
 1
 145
 3
 5872
 0
 0
 0
 0
 0
 0
 0
 0
 0
 0
 5622
 17
 76
 90
 21
 0
 704
 0
 15
 1
 6
 5879
 3
 13
 6
 0
 12
 0
 3
 0
 75
 6
 5382
 45
 346
 0
 309
 0
 24
 0
 94
 82
 44
 5667
 134
 1
 101
 0
 10
 0
 12
 8
 336
 96
 5267
 0
 228
 0
 14
 0
 3
 1
 3
 2
 1
 5943
 0
 92
 6
 24
 176
 5
 148
 81
 217
 2
 4629
 2
 18
 0
 0
 0
 0
 1
 0
 36
 0
 5756
 7
 97
 12
 1
 8
 5
 8
 6
 16
 8
 5900
 3
 0
 1
 0
 0
 0
 12
 1
 142
 3
 5875
 0
 0
 0
 0
 0
 0
 0
 0
 0
 0
 5630
 17
 76
 88
 21
 0
 688
 0
 16
 0
 6
 5883
 2
 13
 6
 0
 11
 0
 3
 0
 76
 6
 5385
 44
 344
 0
 305
 0
 24
 0
 91
 79
 44
 5673
 133
 1
 101
 0
 9
 0
 12
 8
 337
 93
 5273
 0
 223
 0
 14
 0
 2
 1
 3
 2
 1
 5946
 0
 91
 6
 23
 172
 5
 145
 81
 214
 2
 4655
 2
 15
 0
 0
 0
 0
 1
 0
 36
 0
 5763
 7
 94
 11
 1
 8
 5
 8
 5
 16
 8
 5903
 4
 0
 0
 0
 0
 0
 10
 1
 136
 3
 5879
 0
 0
 0
 0
 0
 0
 0
 0
 0
 0
 5637
 17
 77
 86
 21
 0
 671
 0
 16
 0
 6
 5884
 2
 12
 6
 0
 11
 0
 3
 0
 73
 6
 5398
 42
 337
 0
 297
 0
 24
 0
 90
 78
 43
 5681
 134
 1
 101
 0
 9
 0
 12
 8
 329
 90
 5282
 0
 223
 0
 14
 0
 2
 1
 3
 2
 1
 5949
 0
 90
 6
 21
 169
 5
 140
 80
 212
 2
 4680
 2
 16
 0
 0
 0
 0
 1
 0
 35
 0
 5764
 7
 92
 11
 1
 8
 6
 7
 3
 16
 9
 5902
 4
 0
 0
 0
 0
 0
 10
 1
 135
 3
 5883
 0
 0
 0
 0
 0
 0
 0
 0
 0
 0
 5642
 16
 77
 85
 21
 0
 665
 0
 16
 0
 6
 5885
 2
 12
 6
 0
 11
 0
 3
 0
 72
 6
 5403
 40
 331
 0
 291
 0
 25
 0
 89
 76
 43
 5686
 133
 1
 98
 0
 8
 0
 12
 8
 325
 86
 5293
 0
 217
 0
 14
 0
 2
 1
 3
 2
 1
 5949
 0
 88
 6
 22
 166
 7
 139
 82
 208
 2
 4702
 2
 14
 0
 0
 0
 0
 1
 1
 35
 0
 5769
 7
 89
 11
 1
 8
 6
 6
 3
 15
 9
 5904
 3
 0
 0
 0
 0
 0
 10
 1
 132
 3
 5886
 0
 0
 0
 0
 0
 0
 0
 0
 0
 0
 5650
 16
 77
 80
 22
 0
 655
 0
 16
 0
 6
 5885
 2
 12
 6
 0
 11
 0
 3
 0
 71
 6
 5417
 40
 328
 0
 291
 0
 24
 0
 84
 76
 41
 5693
 129
 1
 97
 0
 9
 0
 11
 8
 318
 86
 5298
 0
 214
 0
 14
 0
 2
 1
 3
 1
 1
 5950
 0
 84
 6
 20
 166
 7
 135
 81
 209
 2
 4716
 2
 13
 0
 0
 0
 0
 1
 1
 34
 0
 5778
 7
 91
 10
 1
 7
 6
 6
 3
 15
 9
 5905
 3
 0
 0
 0
 0
 0
 10
 1
 127
 3
 5886
 0
 0
 0
 0
 0
 0
 0
 0
 0
 0
 5658
 15
 76
 77
 20
 0
 635
 0
 15
 0
 6
 5887
 2
 11
 6
 0
 10
 0
 3
 0
 69
 6
 5420
 40
 329
 0
 286
 0
 23
 0
 82
 76
 40
 5698
 129
 0
 99
 0
 10
 0
 10
 8
 317
 83
 5304
 0
 215
 0
 14
 0
 2
 1
 3
 1
 1
 5953
 0
 82
 6
 19
 163
 6
 135
 83
 204
 2
 4739
 2
 13
 0
 0
 0
 0
 1
 1
 33
 0
 5782
 7
 89
 10
 1
 7
 6
 6
 3
 15
 9
 5907
 3
 0
 0
 0
 0
 0
 9
 1
 125
 2
 5889
 0
 0
 0
 0
 0
 0
 0
 0
 0
 0
 5667
 15
 76
 76
 20
 0
 632
 0
 15
 0
 5
 5888
 2
 10
 6
 0
 10
 0
 3
 0
 69
 6
 5433
 40
 323
 0
 273
 0
 23
 0
 78
 74
 40
 5703
 126
 0
 96
 0
 10
 0
 9
 9
 309
 82
 5319
 0
 208
 0
 13
 0
 2
 1
 3
 1
 1
 5956
 0
 79
 6
 18
 162
 6
 131
 81
 197
 2
 4765
 1
 12
 0
 0
 0
 0
 1
 1
 30
 0
 5790
 7
 89
 8
 1
 6
 6
 7
 3
 15
 9
 5909
 2
 0
 0
 0
 0
 0
 9
 1
 121
 2
 5891
 0
 0
 0
 0
 0
 0
 0
 0
 0
 0
 5674
 14
 77
 76
 21
 0
 619
 0
 14
 0
 5
 5893
 2
 9
 6
 0
 10
 0
 3
 0
 71
 7
 5441
 40
 320
 0
 268
 0
 23
 0
 73
 71
 40
 5705
 124
 0
 97
 0
 10
 0
 10
 9
 303
 80
 5324
 0
 200
 0
 13
 0
 2
 1
 3
 1
 1
 5957
 0
 75
 6
 17
 158
 5
 129
 82
 196
 2
 4791
 1
 12
 0
 0
 0
 0
 1
 1
 30
 0
 5796
 7
 88
 7
 0
 5
 6
 7
 2
 14
 9
 5910
 2
 0
 0
 0
 0
 0
 9
 1
 119
 2
 5893
 0
 0
 0
 0
 0
 0
 0
 0
 0
 0
 5675
 14
 75
 75
 21
 0
 609
 0
 13
 0
 6
 5893
 2
 9
 6
 0
 10
 0
 3
 0
 71
 7
 5451
 40
 322
 0
 260
 0
 23
 0
 73
 71
 39
 5706
 123
 0
 96
 0
 10
 0
 11
 9
 295
 81
 5328
 0
 193
 0
 12
 0
 2
 1
 3
 1
 1
 5960
 0
 72
 6
 17
 155
 5
 130
 81
 192
 2
 4818
 1
 12
 0
 0
 0
 0
 1
 1
 29
 0
 5801
 7
 86
 7
 0
 5
 6
 6
 2
 13
 9
 5912
 2
 0
 0
 0
 0
 0
 7
 1
 117
 2
 5895
 0
 0
 0
 0
 0
 0
 0
 0
 0
 0
 5678
 15
 75
 73
 20
 0
 600
 0
 13
 0
 7
 5893
 2
 9
 6
 0
 9
 0
 3
 0
 69
 6
 5458
 37
 318
 0
 256
 0
 23
 0
 70
 71
 39
 5713
 120
 0
 96
 0
 10
 0
 12
 9
 289
 80
 5338
 0
 185
 0
 12
 0
 2
 1
 3
 1
 1
 5960
 0
 68
 6
 16
 156
 5
 129
 80
 190
 2
 4840
 1
 12
 0
 0
 0
 0
 1
 0
 29
 0
 5808
 7
 86
 6
 0
 5
 6
 7
 2
 13
 9
 5912
 2
 0
 0
 0
 0
 0
 7
 1
 114
 2
 5896
 0
 0
 0
 0
 0
 0
 0
 0
 0
 0
 5683
 15
 74
 71
 20
 0
 589
 0
 13
 0
 7
 5896
 2
 9
 7
 0
 9
 0
 3
 0
 69
 6
 5467
 38
 313
 0
 251
 0
 22
 0
 70
 68
 38
 5719
 117
 0
 94
 0
 10
 0
 12
 9
 283
 78
 5350
 0
 180
 0
 12
 0
 1
 1
 3
 1
 1
 5962
 0
 64
 6
 15
 153
 5
 127
 78
 185
 2
 4863
 1
 12
 0
 0
 0
 0
 0
 0
 27
 0
 5816
 7
 86
 5
 0
 6
 6
 7
 2
 13
 8
 5913
 2
 0
 0
 0
 0
 0
 7
 1
 111
 2
 5897
 0
 0
 0
 0
 0
 0
 0
 0
 0
 0
 5691
 15
 74
 70
 20
 0
 575
 0
 13
 0
 6
 5896
 2
 9
 7
 0
 9
 0
 3
 0
 66
 6
 5471
 38
 311
 0
 250
 0
 22
 0
 68
 68
 38
 5722
 117
 0
 90
 0
 10
 0
 12
 9
 279
 77
 5354
 0
 174
 0
 12
 0
 1
 0
 3
 1
 1
 5966
 0
 59
 6
 13
 152
 6
 128
 77
 184
 2
 4888
 1
 11
 0
 0
 0
 0
 0
 0
 24
 0
 5825
 7
 84
 4
 0
 5
 6
 6
 1
 13
 8
 5914
 1
 0
 0
 0
 0
 0
 7
 1
 107
 2
 5902
 0
 0
 0
 0
 0
 0
 0
 0
 0
 0
 5695
 15
 73
 70
 19
 0
 567
 0
 13
 0
 6
 5897
 2
 9
 7
 0
 9
 0
 3
 0
 66
 6
 5473
 38
 310
 0
 247
 0
 22
 0
 66
 67
 38
 5722
 115
 0
 89
 0
 10
 0
 12
 9
 275
 76
 5359
 0
 167
 0
 11
 0
 1
 0
 3
 1
 1
 5966
 0
 56
 6
 11
 150
 6
 131
 77
 183
 2
 4907
 1
 13
 0
 0
 0
 0
 0
 0
 24
 1
 5831
 7
 85
 4
 0
 5
 7
 6
 1
 13
 8
 5913
 1
 0
 0
 0
 0
 0
 7
 0
 104
 2
 5903
 0
 0
 0
 0
 0
 0
 0
 0
 0
 0
 5696
 15
 74
 68
 18
 0
 554
 0
 12
 0
 6
 5899
 2
 9
 7
 0
 9
 0
 3
 0
 65
 6
 5478
 39
 307
 0
 241
 0
 22
 0
 66
 65
 38
 5727
 116
 0
 89
 0
 10
 0
 12
 9
 271
 75
 5364
 0
 159
 0
 11
 0
 1
 0
 3
 1
 1
 5967
 0
 52
 6
 11
 150
 6
 129
 74
 181
 2
 4935
 1
 14
 0
 0
 0
 0
 0
 0
 23
 1
 5841
 7
 85
 4
 0
 5
 7
 6
 1
 12
 8
 5913
 1
 0
 0
 0
 0
 0
 7
 0
 98
 2
 5903
 0
 0
 0
 0
 0
 0
 0
 0
 0
 0
 5700
 15
 72
 64
 18
 0
 541
 0
 12
 0
 4
 5898
 2
 8
 7
 0
 9
 0
 3
 0
 63
 6
 5490
 38
 302
 0
 238
 0
 22
 0
 67
 65
 37
 5733
 116
 0
 90
 0
 9
 0
 12
 9
 261
 74
 5374
 0
 155
 0
 10
 0
 1
 0
 3
 1
 1
 5968
 0
 50
 6
 11
 149
 7
 129
 75
 177
 2
 4955
 1
 13
 0
 0
 0
 0
 0
 0
 23
 1
 5847
 6
 84
 4
 0
 6
 7
 5
 1
 11
 7
 5917
 1
 0
 0
 0
 0
 0
 6
 0
 95
 2
 5904
 0
 0
 0
 0
 0
 0
 0
 0
 0
 0
 5706
 15
 72
 64
 20
 0
 534
 0
 12
 0
 4
 5899
 2
 8
 7
 0
 9
 0
 3
 0
 63
 6
 5494
 40
 298
 0
 234
 0
 22
 0
 66
 64
 36
 5736
 115
 0
 89
 0
 8
 0
 12
 9
 256
 71
 5383
 0
 152
 0
 10
 0
 1
 0
 3
 1
 1
 5968
 0
 49
 6
 11
 144
 7
 131
 73
 171
 2
 4970
 1
 13
 0
 0
 0
 0
 0
 0
 23
 1
 5850
 6
 84
 4
 0
 6
 7
 5
 1
 11
 7
 5918
 1
 0
 0
 0
 0
 0
 6
 0
 93
 2
 5904
 0
 0
 0
 0
 0
 0
 0
 0
 0
 0
 5709
 15
 71
 64
 20
 0
 522
 0
 12
 0
 4
 5901
 2
 8
 6
 0
 9
 0
 3
 0
 62
 6
 5498
 39
 293
 0
 229
 0
 22
 0
 65
 63
 36
 5740
 115
 0
 87
 0
 8
 0
 12
 8
 255
 70
 5387
 0
 148
 0
 10
 0
 1
 0
 3
 1
 1
 5970
 0
 47
 6
 10
 143
 7
 129
 72
 173
 2
 4993
 1
 13
 0
 0
 0
 0
 0
 0
 23
 1
 5852
 6
 83
 4
 0
 6
 6
 5
 1
 11
 7
 5918
 0
 0
 0
 0
 0
 0
 4
 0
 93
 2
 5907
 0
 0
 0
 0
 0
 0
 0
 0
 0
 0
 5712
 15
 70
 64
 20
 0
 517
 0
 12
 0
 4
 5903
 2
 8
 6
 0
 8
 0
 2
 0
 61
 5
 5507
 39
 283
 0
 222
 0
 22
 0
 65
 62
 37
 5740
 112
 0
 87
 0
 7
 0
 12
 8
 250
 70
 5401
 0
 142
 0
 9
 0
 1
 0
 3
 1
 1
 5971
 0
 45
 7
 10
 141
 7
 126
 72
 172
 2
 5012
 1
 13
 0
 0
 0
 0
 0
 0
 22
 1
 5854
 4
 81
 4
 0
 5
 6
 5
 1
 11
 7
 5922
 0
 0
 0
 0
 0
 0
 4
 0
 93
 2
 5909
 0
 0
 0
 0
 0
 0
 0
 0
 0
 0
 5721
 15
 68
 63
 20
 0
 507
 0
 12
 0
 4
 5904
 2
 8
 5
 0
 8
 0
 2
 0
 59
 5
 5521
 39
 277
 0
 216
 0
 22
 0
 64
 61
 37
 5746
 111
 0
 85
 0
 7
 0
 13
 8
 243
 68
 5411
 0
 135
 0
 9
 0
 1
 0
 3
 1
 1
 5972
 0
 43
 7
 10
 134
 7
 121
 70
 170
 2
 5038
 1
 13
 0
 0
 0
 0
 0
 0
 21
 1
 5859
 4
 79
 4
 0
 5
 5
 5
 1
 10
 7
 5922
 0
 0
 0
 0
 0
 0
 4
 0
 90
 2
 5911
 0
 0
 0
 0
 0
 0
 0
 0
 0
 0
 5724
 15
 68
 61
 21
 0
 501
 0
 12
 0
 4
 5906
 2
 8
 5
 0
 8
 0
 2
 0
 57
 5
 5529
 39
 273
 0
 212
 0
 19
 0
 63
 61
 37
 5750
 110
 0
 85
 0
 7
 0
 13
 7
 238
 66
 5416
 0
 133
 0
 9
 0
 1
 0
 3
 1
 1
 5972
 0
 40
 7
 10
 134
 6
 118
 70
 170
 2
 5051
 1
 15
 0
 0
 0
 0
 0
 0
 21
 1
 5862
 4
 76
 4
 0
 5
 5
 4
 1
 9
 7
 5923
 0
 0
 0
 0
 0
 0
 4
 0
 90
 2
 5914
 0
 0
 0
 0
 0
 0
 0
 0
 0
 0
 5731
 15
 69
 62
 21
 0
 496
 0
 13
 0
 4
 5908
 2
 7
 5
 0
 8
 0
 2
 0
 55
 5
 5532
 38
 268
 0
 206
 0
 19
 0
 62
 59
 37
 5752
 108
 0
 84
 0
 6
 0
 13
 7
 235
 65
 5426
 0
 130
 0
 9
 0
 1
 0
 3
 1
 1
 5973
 0
 38
 7
 10
 130
 6
 117
 71
 167
 2
 5067
 1
 13
 0
 0
 0
 0
 0
 0
 20
 1
 5870
 4
 76
 4
 0
 5
 4
 4
 1
 8
 5
 5925
 0
 0
 0
 0
 0
 0
 4
 0
 86
 2
 5914
 0
 0
 0
 0
 0
 0
 0
 0
 0
 0


