# Created by Octave 6.2.0, Sat May 22 15:32:45 2021 GMT <unknown@DESKTOP-PM2CTTO>
# name: confMatrix1
# type: matrix
# ndims: 3
 10 11 50
 4938
 11
 82
 152
 15
 5
 1012
 0
 17
 1
 4
 5693
 4
 36
 7
 0
 14
 0
 3
 0
 137
 32
 4580
 78
 376
 0
 834
 0
 31
 0
 534
 234
 81
 5486
 334
 6
 348
 0
 84
 2
 31
 12
 899
 164
 4830
 0
 598
 0
 29
 0
 22
 3
 10
 7
 5
 5490
 14
 237
 40
 115
 235
 10
 278
 60
 402
 1
 3027
 0
 46
 2
 0
 0
 2
 0
 0
 339
 6
 5505
 25
 291
 97
 5
 64
 16
 30
 20
 145
 16
 5721
 3
 2
 0
 0
 1
 1
 139
 2
 242
 4
 5586
 0
 0
 0
 0
 0
 0
 0
 0
 0
 0
 5024
 13
 79
 156
 10
 4
 986
 0
 18
 1
 3
 5738
 4
 23
 6
 0
 8
 0
 1
 0
 131
 30
 4692
 54
 373
 0
 733
 0
 36
 0
 451
 199
 84
 5531
 306
 4
 293
 0
 64
 2
 28
 9
 795
 161
 4940
 0
 582
 0
 30
 1
 13
 2
 5
 1
 3
 5587
 4
 190
 20
 102
 273
 7
 292
 65
 338
 1
 3286
 0
 51
 1
 0
 0
 2
 0
 2
 285
 4
 5586
 24
 265
 76
 1
 47
 9
 22
 15
 103
 16
 5752
 3
 1
 1
 0
 0
 0
 104
 1
 208
 4
 5625
 0
 0
 0
 0
 0
 0
 0
 0
 0
 0
 5074
 10
 73
 144
 9
 5
 949
 0
 16
 2
 3
 5762
 3
 20
 8
 0
 10
 0
 0
 0
 130
 27
 4729
 46
 370
 0
 651
 0
 30
 0
 407
 178
 73
 5544
 282
 2
 262
 0
 56
 1
 26
 10
 766
 170
 5013
 0
 537
 1
 29
 1
 9
 1
 4
 0
 2
 5638
 3
 162
 14
 91
 282
 10
 311
 67
 296
 1
 3495
 0
 44
 1
 0
 0
 2
 0
 2
 243
 4
 5639
 24
 252
 68
 1
 39
 9
 18
 14
 89
 15
 5785
 2
 1
 1
 0
 0
 0
 97
 0
 183
 2
 5650
 0
 0
 0
 0
 0
 0
 0
 0
 0
 0
 5126
 10
 63
 138
 9
 5
 926
 0
 15
 2
 3
 5779
 2
 17
 11
 0
 10
 0
 1
 0
 125
 24
 4761
 41
 349
 0
 600
 0
 26
 0
 359
 165
 72
 5564
 259
 2
 252
 0
 53
 0
 28
 10
 755
 164
 5074
 0
 520
 1
 28
 2
 9
 1
 3
 0
 2
 5670
 2
 141
 12
 79
 292
 9
 307
 65
 277
 2
 3605
 0
 42
 1
 0
 0
 1
 1
 1
 218
 4
 5672
 22
 244
 57
 1
 36
 10
 18
 12
 81
 15
 5798
 2
 1
 1
 0
 0
 0
 91
 0
 171
 3
 5670
 0
 0
 0
 0
 0
 0
 0
 0
 0
 0
 5159
 11
 59
 137
 10
 5
 895
 0
 17
 2
 5
 5786
 2
 17
 11
 0
 10
 0
 2
 0
 110
 21
 4784
 45
 338
 0
 556
 0
 24
 0
 334
 160
 71
 5572
 248
 2
 244
 0
 47
 0
 27
 11
 737
 161
 5116
 0
 507
 1
 28
 2
 7
 1
 3
 0
 2
 5690
 2
 132
 11
 73
 301
 9
 306
 59
 256
 1
 3707
 0
 39
 1
 0
 0
 2
 1
 1
 206
 4
 5694
 19
 225
 56
 1
 36
 7
 18
 12
 75
 15
 5811
 2
 1
 0
 0
 1
 0
 84
 0
 158
 2
 5695
 0
 0
 0
 0
 0
 0
 0
 0
 0
 0
 5187
 10
 62
 130
 11
 5
 880
 0
 18
 1
 4
 5792
 3
 17
 11
 0
 10
 0
 3
 0
 109
 22
 4809
 44
 322
 0
 542
 0
 23
 0
 309
 153
 74
 5583
 245
 1
 235
 0
 42
 0
 26
 10
 724
 158
 5140
 0
 498
 1
 26
 2
 6
 1
 2
 0
 1
 5717
 3
 123
 12
 66
 305
 11
 293
 58
 254
 1
 3755
 0
 36
 1
 0
 0
 2
 1
 1
 184
 3
 5706
 17
 215
 53
 1
 31
 8
 15
 13
 74
 15
 5821
 2
 1
 0
 0
 1
 0
 79
 0
 155
 2
 5713
 0
 0
 0
 0
 0
 0
 0
 0
 0
 0
 5220
 8
 68
 120
 12
 4
 863
 0
 19
 1
 3
 5798
 4
 17
 11
 0
 10
 0
 2
 0
 111
 21
 4822
 44
 314
 0
 519
 0
 23
 0
 294
 150
 73
 5594
 242
 1
 230
 0
 41
 0
 27
 11
 713
 156
 5160
 0
 487
 1
 26
 2
 6
 1
 2
 0
 2
 5736
 3
 118
 11
 57
 291
 10
 285
 58
 244
 1
 3818
 0
 33
 1
 0
 0
 2
 1
 1
 172
 3
 5715
 17
 209
 47
 1
 31
 9
 14
 13
 67
 14
 5826
 3
 1
 0
 0
 1
 0
 73
 0
 152
 2
 5727
 0
 0
 0
 0
 0
 0
 0
 0
 0
 0
 5239
 8
 68
 118
 12
 4
 843
 0
 18
 1
 3
 5804
 4
 17
 11
 0
 11
 0
 3
 0
 112
 20
 4844
 43
 306
 0
 502
 0
 24
 0
 278
 146
 72
 5598
 241
 1
 226
 0
 40
 0
 26
 11
 707
 155
 5182
 0
 475
 1
 23
 2
 5
 0
 2
 0
 2
 5756
 4
 117
 11
 53
 292
 10
 270
 60
 232
 1
 3873
 0
 30
 1
 0
 0
 2
 1
 1
 160
 2
 5726
 15
 200
 44
 1
 30
 8
 13
 11
 64
 12
 5834
 3
 1
 0
 1
 0
 0
 67
 0
 144
 2
 5740
 0
 0
 0
 0
 0
 0
 0
 0
 0
 0
 5259
 8
 67
 114
 13
 4
 822
 0
 18
 1
 3
 5811
 4
 17
 10
 0
 9
 0
 3
 0
 115
 21
 4870
 42
 297
 0
 495
 0
 25
 0
 264
 139
 76
 5610
 241
 1
 222
 0
 38
 0
 23
 11
 693
 153
 5201
 0
 468
 1
 23
 2
 7
 0
 2
 0
 2
 5775
 3
 117
 11
 50
 286
 9
 257
 55
 223
 1
 3917
 0
 30
 1
 0
 0
 2
 1
 1
 156
 3
 5730
 15
 199
 42
 1
 28
 8
 12
 10
 61
 10
 5835
 3
 1
 0
 1
 0
 0
 53
 0
 142
 2
 5744
 0
 0
 0
 0
 0
 0
 0
 0
 0
 0
 5269
 9
 64
 109
 13
 3
 815
 0
 18
 1
 3
 5812
 4
 17
 9
 0
 9
 0
 3
 0
 114
 21
 4885
 39
 290
 0
 497
 0
 26
 0
 258
 135
 75
 5626
 240
 2
 219
 0
 37
 0
 22
 12
 691
 143
 5217
 0
 457
 1
 22
 2
 7
 0
 2
 0
 2
 5795
 3
 115
 9
 48
 284
 10
 251
 57
 216
 1
 3937
 0
 31
 2
 0
 0
 2
 1
 1
 144
 3
 5738
 14
 196
 42
 1
 25
 7
 12
 8
 60
 10
 5838
 3
 1
 0
 1
 1
 0
 47
 0
 136
 2
 5748
 0
 0
 0
 0
 0
 0
 0
 0
 0
 0
 5287
 9
 66
 104
 12
 2
 806
 0
 16
 1
 3
 5814
 4
 17
 9
 1
 10
 0
 4
 0
 110
 21
 4903
 39
 287
 0
 494
 1
 24
 0
 255
 133
 77
 5632
 238
 1
 215
 0
 37
 0
 21
 12
 684
 139
 5233
 0
 446
 0
 22
 2
 7
 0
 2
 0
 2
 5804
 3
 110
 9
 46
 275
 10
 239
 60
 207
 1
 3966
 0
 30
 2
 0
 0
 2
 1
 0
 143
 3
 5747
 11
 194
 41
 1
 22
 7
 12
 8
 57
 10
 5845
 3
 1
 0
 1
 1
 0
 40
 0
 132
 2
 5752
 0
 0
 0
 0
 0
 0
 0
 0
 0
 0
 5301
 8
 65
 106
 14
 2
 798
 0
 16
 0
 3
 5818
 4
 17
 8
 1
 10
 0
 4
 0
 114
 22
 4921
 38
 284
 0
 481
 0
 23
 0
 244
 129
 79
 5635
 238
 1
 210
 0
 37
 0
 22
 11
 679
 139
 5243
 0
 441
 0
 22
 2
 6
 1
 1
 0
 2
 5814
 3
 106
 9
 44
 270
 10
 227
 60
 199
 1
 3998
 0
 27
 2
 0
 0
 2
 0
 0
 139
 3
 5755
 10
 191
 39
 1
 22
 5
 12
 8
 56
 11
 5850
 4
 1
 0
 0
 0
 0
 34
 0
 128
 2
 5757
 0
 0
 0
 0
 0
 0
 0
 0
 0
 0
 5325
 8
 63
 105
 14
 1
 789
 0
 18
 0
 3
 5821
 4
 18
 8
 1
 10
 0
 4
 0
 115
 21
 4931
 36
 282
 0
 471
 0
 23
 0
 231
 128
 77
 5638
 228
 1
 205
 0
 37
 0
 24
 11
 678
 137
 5256
 0
 436
 0
 22
 2
 6
 1
 1
 0
 2
 5821
 3
 103
 9
 44
 259
 9
 222
 61
 199
 1
 4028
 0
 24
 2
 0
 0
 2
 0
 0
 136
 3
 5762
 10
 190
 36
 1
 22
 5
 11
 8
 55
 11
 5851
 4
 1
 0
 0
 0
 0
 31
 0
 124
 2
 5758
 0
 0
 0
 0
 0
 0
 0
 0
 0
 0
 5345
 8
 59
 105
 14
 1
 783
 0
 18
 0
 3
 5825
 4
 19
 8
 1
 10
 0
 4
 0
 115
 21
 4954
 37
 277
 1
 467
 0
 24
 0
 225
 126
 77
 5646
 229
 1
 204
 0
 37
 0
 22
 11
 667
 128
 5266
 0
 427
 0
 21
 2
 5
 1
 1
 0
 2
 5824
 3
 98
 9
 41
 249
 7
 216
 60
 193
 1
 4049
 0
 22
 1
 0
 0
 2
 0
 0
 134
 3
 5769
 10
 186
 35
 1
 20
 5
 11
 7
 54
 11
 5854
 4
 1
 0
 0
 0
 0
 30
 0
 122
 1
 5766
 0
 0
 0
 0
 0
 0
 0
 0
 0
 0
 5360
 9
 58
 105
 16
 1
 777
 0
 19
 0
 3
 5825
 4
 20
 8
 1
 10
 0
 3
 0
 115
 23
 4968
 36
 271
 1
 462
 0
 25
 0
 216
 123
 77
 5652
 227
 1
 203
 0
 35
 0
 21
 11
 659
 125
 5274
 0
 413
 0
 21
 0
 6
 1
 1
 0
 2
 5829
 2
 87
 9
 40
 245
 7
 212
 58
 191
 1
 4077
 0
 22
 1
 0
 0
 2
 0
 0
 130
 3
 5782
 10
 183
 33
 1
 19
 4
 11
 7
 53
 11
 5855
 4
 1
 0
 0
 0
 0
 29
 0
 120
 1
 5772
 0
 0
 0
 0
 0
 0
 0
 0
 0
 0
 5371
 10
 56
 102
 16
 1
 773
 0
 20
 0
 3
 5825
 4
 19
 8
 1
 10
 0
 3
 0
 113
 23
 4988
 36
 267
 0
 452
 0
 24
 0
 208
 122
 77
 5660
 223
 1
 201
 0
 36
 0
 21
 13
 649
 123
 5283
 0
 406
 0
 19
 0
 5
 0
 1
 0
 2
 5833
 1
 78
 9
 38
 244
 6
 205
 56
 190
 1
 4101
 0
 23
 1
 0
 0
 2
 0
 0
 127
 3
 5797
 10
 182
 34
 1
 18
 4
 11
 7
 53
 11
 5855
 3
 1
 0
 0
 0
 0
 29
 0
 114
 1
 5776
 0
 0
 0
 0
 0
 0
 0
 0
 0
 0
 5382
 9
 54
 101
 17
 1
 768
 0
 19
 0
 3
 5827
 4
 18
 7
 2
 10
 0
 3
 0
 113
 23
 5008
 37
 258
 0
 443
 0
 22
 0
 203
 121
 75
 5663
 222
 1
 196
 1
 37
 0
 21
 12
 636
 122
 5292
 0
 395
 0
 19
 0
 5
 0
 1
 0
 2
 5843
 1
 76
 9
 38
 239
 7
 202
 55
 191
 1
 4135
 0
 22
 1
 0
 0
 2
 0
 0
 120
 2
 5805
 10
 181
 33
 1
 18
 4
 11
 7
 50
 10
 5858
 3
 1
 0
 0
 0
 0
 25
 0
 108
 1
 5777
 0
 0
 0
 0
 0
 0
 0
 0
 0
 0
 5392
 9
 54
 101
 20
 1
 760
 0
 18
 0
 3
 5830
 4
 19
 6
 2
 10
 0
 4
 0
 112
 22
 5018
 37
 259
 0
 433
 0
 21
 0
 195
 121
 74
 5667
 214
 1
 194
 1
 37
 0
 21
 10
 630
 113
 5304
 0
 394
 0
 19
 0
 5
 0
 1
 0
 3
 5849
 1
 73
 10
 36
 238
 7
 198
 59
 184
 1
 4158
 0
 23
 1
 0
 0
 3
 0
 0
 116
 2
 5809
 10
 182
 33
 1
 18
 4
 10
 7
 48
 10
 5857
 3
 1
 0
 0
 0
 0
 23
 0
 107
 1
 5778
 0
 0
 0
 0
 0
 0
 0
 0
 0
 0
 5398
 11
 55
 97
 20
 1
 753
 0
 19
 0
 3
 5833
 4
 19
 6
 2
 10
 0
 4
 0
 114
 21
 5031
 36
 254
 1
 420
 0
 19
 0
 194
 117
 71
 5677
 213
 1
 190
 1
 36
 0
 21
 10
 626
 110
 5316
 0
 385
 0
 20
 0
 4
 0
 1
 0
 2
 5852
 1
 73
 10
 36
 231
 7
 192
 58
 178
 1
 4192
 0
 23
 1
 0
 0
 3
 0
 0
 113
 2
 5813
 10
 181
 34
 1
 17
 3
 11
 7
 47
 9
 5858
 3
 1
 0
 0
 0
 0
 22
 0
 104
 1
 5779
 0
 0
 0
 0
 0
 0
 0
 0
 0
 0
 5413
 11
 56
 96
 19
 1
 752
 0
 19
 0
 3
 5835
 4
 18
 6
 2
 9
 0
 4
 0
 114
 19
 5045
 35
 251
 1
 415
 0
 19
 0
 186
 117
 66
 5682
 211
 1
 190
 1
 36
 0
 23
 10
 620
 110
 5326
 0
 375
 0
 20
 0
 3
 0
 1
 0
 2
 5857
 1
 72
 10
 36
 223
 7
 188
 56
 173
 1
 4211
 0
 23
 1
 0
 0
 3
 0
 0
 111
 2
 5815
 10
 182
 34
 1
 17
 3
 12
 7
 45
 9
 5858
 3
 1
 0
 0
 0
 0
 19
 0
 103
 1
 5778
 0
 0
 0
 0
 0
 0
 0
 0
 0
 0
 5430
 12
 54
 91
 19
 1
 738
 0
 19
 0
 3
 5834
 4
 17
 5
 1
 9
 0
 4
 0
 110
 19
 5060
 35
 246
 1
 408
 0
 19
 0
 183
 117
 65
 5690
 206
 1
 188
 0
 36
 0
 22
 10
 614
 108
 5342
 0
 367
 0
 20
 0
 3
 0
 1
 0
 2
 5859
 1
 67
 10
 36
 215
 7
 181
 56
 168
 1
 4244
 0
 23
 1
 0
 0
 3
 0
 0
 110
 2
 5823
 10
 182
 33
 1
 18
 3
 12
 7
 43
 9
 5858
 3
 1
 0
 0
 0
 0
 19
 0
 101
 1
 5778
 0
 0
 0
 0
 0
 0
 0
 0
 0
 0
 5442
 11
 54
 91
 18
 1
 729
 0
 18
 0
 3
 5835
 4
 17
 5
 1
 9
 0
 5
 0
 110
 19
 5069
 34
 241
 1
 394
 0
 19
 0
 181
 117
 64
 5691
 206
 0
 186
 0
 35
 0
 22
 10
 609
 108
 5348
 0
 362
 0
 19
 0
 3
 0
 1
 0
 1
 5862
 1
 65
 9
 36
 206
 7
 179
 56
 169
 1
 4275
 0
 21
 1
 0
 0
 3
 0
 0
 108
 2
 5831
 10
 181
 32
 1
 17
 3
 12
 7
 42
 8
 5863
 3
 1
 0
 0
 0
 0
 19
 0
 96
 1
 5779
 0
 0
 0
 0
 0
 0
 0
 0
 0
 0
 5452
 12
 53
 91
 18
 1
 726
 0
 14
 0
 3
 5836
 4
 16
 5
 1
 9
 0
 5
 0
 108
 18
 5073
 34
 235
 1
 391
 0
 19
 0
 176
 116
 65
 5697
 204
 0
 184
 0
 34
 0
 22
 11
 603
 104
 5353
 0
 359
 0
 20
 0
 3
 0
 1
 0
 1
 5863
 1
 62
 9
 35
 203
 6
 181
 55
 171
 1
 4287
 0
 21
 1
 0
 0
 3
 0
 0
 108
 2
 5837
 10
 184
 32
 1
 17
 3
 13
 6
 41
 7
 5867
 3
 1
 0
 0
 0
 0
 19
 0
 94
 1
 5777
 0
 0
 0
 0
 0
 0
 0
 0
 0
 0
 5460
 12
 53
 89
 18
 1
 719
 0
 13
 0
 2
 5839
 4
 16
 5
 1
 8
 0
 5
 0
 108
 18
 5080
 35
 231
 1
 376
 0
 19
 0
 174
 114
 65
 5701
 198
 0
 182
 0
 34
 0
 22
 11
 600
 102
 5363
 0
 357
 0
 19
 0
 3
 0
 1
 0
 1
 5865
 1
 58
 9
 35
 198
 5
 177
 55
 173
 1
 4315
 0
 19
 1
 0
 0
 3
 0
 0
 106
 2
 5844
 10
 185
 32
 1
 17
 2
 11
 6
 40
 6
 5871
 3
 1
 0
 0
 0
 0
 19
 0
 92
 1
 5776
 0
 0
 0
 0
 0
 0
 0
 0
 0
 0
 5470
 12
 55
 89
 17
 1
 715
 0
 13
 0
 2
 5841
 4
 16
 5
 1
 8
 0
 5
 0
 108
 18
 5087
 35
 228
 1
 372
 0
 19
 0
 169
 112
 64
 5703
 196
 0
 179
 0
 34
 0
 22
 11
 590
 102
 5370
 0
 352
 0
 19
 0
 3
 0
 1
 0
 1
 5866
 1
 57
 9
 35
 194
 5
 179
 53
 172
 1
 4331
 0
 19
 1
 0
 0
 3
 0
 0
 105
 2
 5846
 10
 185
 31
 1
 17
 2
 11
 6
 40
 6
 5871
 3
 1
 0
 0
 0
 0
 19
 0
 91
 1
 5776
 0
 0
 0
 0
 0
 0
 0
 0
 0
 0
 5480
 11
 54
 89
 17
 1
 705
 0
 13
 0
 1
 5843
 4
 16
 5
 1
 8
 0
 5
 0
 107
 18
 5095
 35
 225
 1
 367
 0
 19
 0
 164
 111
 63
 5705
 196
 0
 175
 0
 34
 0
 21
 11
 587
 101
 5373
 0
 344
 0
 19
 0
 3
 0
 1
 0
 1
 5868
 1
 56
 9
 34
 192
 5
 176
 52
 172
 1
 4359
 0
 19
 1
 0
 0
 3
 0
 0
 103
 2
 5849
 10
 186
 31
 1
 17
 2
 11
 6
 39
 5
 5871
 3
 1
 0
 0
 0
 0
 19
 0
 90
 1
 5776
 0
 0
 0
 0
 0
 0
 0
 0
 0
 0
 5486
 11
 54
 86
 17
 1
 701
 0
 13
 0
 1
 5843
 4
 16
 5
 1
 8
 0
 5
 0
 106
 18
 5103
 36
 225
 1
 364
 0
 19
 0
 158
 111
 64
 5712
 192
 0
 172
 0
 35
 0
 21
 11
 580
 100
 5377
 0
 337
 0
 19
 0
 3
 0
 1
 0
 1
 5869
 1
 55
 9
 33
 193
 5
 174
 48
 172
 1
 4376
 0
 19
 1
 0
 0
 3
 0
 0
 102
 2
 5853
 10
 187
 31
 1
 17
 2
 11
 6
 39
 5
 5870
 3
 1
 0
 0
 0
 0
 19
 0
 87
 1
 5776
 0
 0
 0
 0
 0
 0
 0
 0
 0
 0
 5489
 11
 53
 85
 17
 1
 689
 0
 13
 0
 1
 5846
 4
 16
 5
 1
 8
 0
 5
 0
 106
 18
 5109
 36
 222
 1
 360
 1
 18
 0
 156
 109
 62
 5716
 190
 0
 173
 0
 33
 0
 20
 10
 572
 98
 5381
 0
 326
 0
 19
 0
 3
 0
 1
 0
 1
 5872
 1
 53
 9
 32
 194
 5
 179
 47
 173
 1
 4403
 0
 20
 1
 0
 0
 3
 0
 0
 101
 1
 5856
 10
 186
 30
 1
 17
 2
 11
 5
 39
 5
 5872
 3
 1
 0
 0
 0
 0
 18
 0
 85
 1
 5778
 0
 0
 0
 0
 0
 0
 0
 0
 0
 0
 5499
 11
 54
 85
 18
 1
 684
 0
 13
 0
 1
 5847
 4
 16
 5
 1
 8
 0
 5
 0
 104
 17
 5120
 32
 223
 1
 354
 1
 18
 0
 152
 109
 60
 5719
 186
 0
 171
 0
 33
 0
 20
 10
 565
 97
 5383
 0
 322
 0
 19
 0
 4
 0
 1
 0
 1
 5873
 1
 52
 9
 32
 190
 5
 176
 49
 173
 1
 4420
 0
 19
 1
 0
 0
 3
 0
 0
 101
 1
 5857
 10
 186
 29
 1
 17
 2
 11
 5
 39
 5
 5873
 3
 1
 0
 0
 0
 0
 17
 0
 85
 1
 5778
 0
 0
 0
 0
 0
 0
 0
 0
 0
 0
 5497
 11
 54
 84
 18
 1
 676
 0
 12
 0
 1
 5849
 4
 16
 5
 1
 8
 0
 5
 0
 104
 17
 5126
 31
 224
 1
 347
 1
 18
 0
 151
 108
 60
 5717
 185
 0
 169
 0
 33
 0
 20
 9
 561
 99
 5387
 0
 316
 0
 18
 0
 4
 0
 2
 1
 0
 5875
 1
 52
 9
 32
 193
 5
 173
 49
 171
 1
 4443
 0
 19
 1
 0
 0
 3
 0
 0
 100
 1
 5857
 10
 184
 29
 1
 17
 3
 10
 5
 39
 5
 5875
 3
 1
 0
 0
 0
 0
 16
 0
 85
 1
 5780
 0
 0
 0
 0
 0
 0
 0
 0
 0
 0
 5503
 11
 55
 83
 18
 1
 667
 0
 12
 0
 1
 5851
 4
 16
 5
 1
 8
 0
 5
 0
 104
 17
 5128
 32
 222
 1
 340
 1
 18
 0
 150
 106
 59
 5718
 183
 0
 169
 0
 33
 0
 19
 9
 560
 99
 5393
 0
 309
 0
 17
 0
 4
 0
 2
 1
 1
 5877
 1
 49
 9
 32
 190
 5
 172
 48
 168
 1
 4467
 0
 20
 1
 0
 0
 3
 0
 0
 99
 1
 5860
 8
 183
 28
 1
 17
 3
 10
 4
 38
 5
 5877
 3
 1
 0
 0
 0
 0
 16
 0
 85
 1
 5781
 0
 0
 0
 0
 0
 0
 0
 0
 0
 0
 5511
 11
 55
 83
 18
 1
 659
 0
 11
 0
 1
 5851
 3
 13
 5
 1
 7
 0
 5
 0
 105
 17
 5137
 32
 217
 1
 337
 1
 17
 0
 147
 106
 58
 5720
 182
 0
 169
 0
 32
 0
 19
 9
 552
 99
 5401
 0
 301
 0
 15
 0
 4
 0
 2
 1
 1
 5879
 1
 49
 8
 32
 185
 5
 173
 49
 166
 1
 4488
 0
 20
 1
 0
 0
 3
 0
 0
 97
 1
 5860
 8
 184
 27
 1
 17
 3
 10
 4
 37
 5
 5883
 3
 1
 0
 0
 0
 0
 16
 0
 85
 1
 5780
 0
 0
 0
 0
 0
 0
 0
 0
 0
 0
 5521
 11
 54
 84
 18
 1
 658
 0
 11
 0
 1
 5851
 3
 13
 5
 1
 7
 0
 5
 0
 102
 17
 5143
 31
 217
 1
 333
 1
 16
 0
 143
 106
 58
 5723
 179
 0
 167
 0
 32
 0
 20
 9
 550
 96
 5405
 0
 299
 0
 15
 0
 3
 0
 2
 1
 0
 5881
 1
 47
 8
 32
 181
 5
 171
 49
 165
 1
 4499
 0
 19
 1
 0
 0
 3
 0
 0
 96
 1
 5864
 8
 184
 28
 1
 16
 3
 11
 4
 35
 5
 5885
 3
 1
 0
 0
 0
 0
 15
 0
 83
 1
 5780
 0
 0
 0
 0
 0
 0
 0
 0
 0
 0
 5527
 12
 52
 83
 17
 1
 652
 0
 11
 0
 1
 5852
 3
 12
 5
 1
 7
 0
 5
 0
 99
 17
 5155
 31
 215
 1
 322
 1
 16
 0
 141
 105
 57
 5726
 179
 0
 165
 0
 30
 0
 21
 9
 544
 94
 5410
 0
 297
 0
 15
 0
 3
 0
 2
 1
 0
 5884
 1
 47
 8
 31
 179
 4
 168
 50
 163
 1
 4521
 0
 19
 1
 0
 0
 3
 0
 0
 95
 1
 5867
 8
 185
 28
 1
 16
 3
 11
 2
 34
 5
 5887
 3
 1
 0
 0
 0
 0
 15
 0
 80
 1
 5780
 0
 0
 0
 0
 0
 0
 0
 0
 0
 0
 5531
 12
 53
 82
 18
 1
 644
 0
 9
 0
 1
 5852
 3
 12
 5
 0
 7
 0
 5
 0
 100
 18
 5165
 30
 214
 1
 322
 1
 16
 0
 139
 105
 56
 5728
 176
 0
 161
 0
 30
 0
 22
 9
 534
 94
 5412
 0
 292
 0
 15
 0
 3
 0
 2
 1
 0
 5886
 1
 46
 8
 29
 175
 3
 168
 50
 164
 1
 4540
 0
 19
 1
 0
 0
 3
 0
 0
 94
 1
 5870
 8
 185
 28
 1
 16
 3
 11
 2
 32
 5
 5889
 2
 1
 0
 0
 0
 0
 15
 0
 78
 1
 5783
 0
 0
 0
 0
 0
 0
 0
 0
 0
 0
 5543
 11
 52
 83
 18
 1
 639
 0
 10
 0
 1
 5855
 3
 11
 5
 0
 7
 0
 4
 0
 97
 17
 5174
 30
 212
 1
 317
 1
 16
 0
 136
 104
 55
 5729
 175
 0
 161
 0
 29
 0
 21
 9
 527
 94
 5419
 0
 285
 0
 15
 0
 3
 0
 2
 1
 0
 5887
 1
 44
 8
 29
 170
 3
 169
 49
 160
 1
 4557
 0
 20
 1
 0
 0
 3
 0
 0
 93
 1
 5873
 7
 185
 28
 1
 15
 3
 11
 2
 32
 5
 5890
 2
 1
 0
 0
 0
 0
 15
 0
 77
 1
 5783
 0
 0
 0
 0
 0
 0
 0
 0
 0
 0
 5547
 11
 52
 82
 18
 1
 633
 0
 10
 0
 1
 5858
 3
 11
 5
 0
 7
 0
 4
 0
 95
 16
 5177
 30
 211
 1
 308
 1
 16
 0
 134
 104
 55
 5732
 174
 0
 159
 0
 28
 0
 21
 7
 524
 93
 5422
 0
 282
 0
 15
 0
 3
 0
 2
 1
 0
 5887
 1
 44
 8
 29
 170
 3
 169
 48
 159
 1
 4577
 0
 18
 1
 0
 0
 3
 0
 0
 93
 1
 5873
 7
 184
 28
 1
 15
 3
 11
 2
 32
 5
 5893
 2
 1
 0
 0
 0
 0
 15
 0
 77
 1
 5784
 0
 0
 0
 0
 0
 0
 0
 0
 0
 0
 5550
 10
 50
 82
 17
 1
 621
 0
 10
 0
 1
 5860
 3
 11
 5
 0
 7
 0
 4
 0
 95
 15
 5186
 29
 210
 1
 307
 1
 16
 0
 132
 104
 54
 5735
 172
 0
 158
 0
 27
 0
 21
 7
 519
 92
 5427
 0
 280
 0
 14
 0
 3
 0
 2
 1
 0
 5888
 1
 43
 8
 29
 169
 3
 168
 47
 159
 1
 4594
 0
 20
 1
 0
 0
 3
 0
 0
 93
 1
 5876
 7
 184
 28
 1
 15
 3
 10
 2
 31
 5
 5893
 2
 1
 0
 0
 0
 0
 14
 0
 75
 1
 5784
 0
 0
 0
 0
 0
 0
 0
 0
 0
 0
 5550
 10
 50
 82
 18
 1
 615
 0
 10
 0
 1
 5862
 3
 11
 5
 0
 7
 0
 4
 0
 96
 15
 5199
 29
 206
 1
 300
 1
 16
 0
 132
 102
 54
 5736
 172
 0
 157
 0
 27
 0
 21
 7
 510
 93
 5431
 0
 274
 0
 14
 0
 3
 0
 2
 1
 0
 5889
 1
 43
 8
 29
 169
 3
 165
 45
 158
 1
 4614
 0
 18
 1
 0
 0
 2
 0
 0
 92
 1
 5876
 7
 184
 27
 1
 15
 3
 10
 2
 31
 5
 5895
 2
 1
 0
 0
 0
 0
 14
 0
 75
 1
 5784
 0
 0
 0
 0
 0
 0
 0
 0
 0
 0
 5557
 10
 50
 80
 18
 1
 610
 0
 9
 0
 1
 5863
 3
 11
 6
 0
 7
 0
 4
 0
 95
 15
 5207
 28
 204
 1
 298
 1
 17
 0
 130
 102
 53
 5738
 169
 0
 157
 0
 26
 0
 21
 7
 506
 94
 5438
 0
 274
 0
 14
 0
 3
 0
 2
 1
 0
 5889
 1
 42
 8
 28
 165
 2
 162
 45
 156
 1
 4621
 0
 17
 1
 0
 0
 2
 0
 0
 92
 1
 5877
 7
 183
 27
 1
 15
 3
 9
 2
 31
 5
 5897
 2
 1
 0
 0
 0
 0
 14
 0
 75
 1
 5786
 0
 0
 0
 0
 0
 0
 0
 0
 0
 0
 5567
 10
 50
 80
 18
 1
 605
 0
 9
 0
 1
 5863
 3
 10
 6
 0
 6
 0
 4
 0
 95
 15
 5215
 28
 203
 1
 293
 1
 16
 0
 126
 102
 54
 5741
 168
 0
 159
 0
 25
 0
 21
 7
 501
 94
 5441
 0
 267
 0
 14
 0
 3
 0
 2
 1
 0
 5889
 1
 41
 8
 26
 159
 2
 158
 43
 155
 1
 4636
 0
 17
 1
 0
 0
 2
 0
 0
 92
 1
 5879
 7
 181
 27
 1
 15
 3
 9
 2
 32
 5
 5899
 2
 1
 0
 0
 0
 0
 14
 0
 74
 1
 5790
 0
 0
 0
 0
 0
 0
 0
 0
 0
 0
 5576
 9
 51
 81
 19
 1
 604
 0
 9
 0
 1
 5864
 3
 10
 6
 0
 7
 0
 3
 0
 94
 15
 5220
 27
 199
 1
 288
 1
 16
 0
 124
 102
 55
 5743
 167
 0
 158
 0
 25
 0
 21
 7
 499
 93
 5446
 0
 269
 0
 14
 0
 3
 0
 2
 1
 0
 5889
 1
 41
 8
 25
 154
 2
 154
 42
 155
 1
 4640
 0
 17
 1
 0
 0
 1
 0
 0
 92
 1
 5880
 7
 181
 26
 1
 15
 3
 8
 2
 32
 5
 5900
 2
 1
 0
 0
 0
 0
 14
 0
 73
 1
 5791
 0
 0
 0
 0
 0
 0
 0
 0
 0
 0
 5586
 9
 50
 81
 19
 1
 592
 0
 9
 0
 1
 5864
 2
 9
 6
 0
 7
 0
 3
 0
 94
 15
 5229
 27
 197
 1
 290
 1
 16
 0
 123
 102
 55
 5744
 167
 0
 159
 0
 25
 0
 21
 7
 492
 93
 5447
 0
 267
 0
 14
 0
 3
 0
 2
 1
 0
 5891
 2
 41
 8
 24
 146
 2
 154
 42
 156
 1
 4652
 0
 18
 1
 0
 0
 1
 0
 0
 90
 1
 5880
 7
 182
 25
 1
 15
 3
 8
 2
 30
 5
 5899
 2
 1
 0
 0
 0
 0
 14
 0
 73
 1
 5791
 0
 0
 0
 0
 0
 0
 0
 0
 0
 0
 5593
 8
 48
 81
 19
 1
 589
 0
 9
 0
 1
 5865
 2
 9
 6
 0
 7
 0
 3
 0
 96
 16
 5238
 28
 196
 1
 288
 1
 15
 0
 119
 101
 56
 5746
 166
 0
 157
 0
 24
 0
 21
 7
 487
 91
 5451
 0
 262
 0
 14
 0
 3
 0
 2
 1
 0
 5892
 2
 41
 8
 23
 143
 2
 151
 42
 154
 1
 4664
 0
 18
 1
 0
 0
 1
 0
 0
 89
 1
 5880
 7
 182
 23
 1
 15
 2
 8
 2
 30
 5
 5901
 2
 1
 0
 0
 0
 0
 14
 0
 73
 1
 5792
 0
 0
 0
 0
 0
 0
 0
 0
 0
 0
 5598
 9
 48
 81
 19
 1
 584
 0
 8
 0
 1
 5866
 2
 9
 6
 0
 7
 0
 3
 0
 96
 16
 5239
 28
 192
 0
 281
 1
 15
 0
 117
 100
 56
 5746
 168
 0
 158
 0
 24
 0
 20
 6
 486
 91
 5454
 0
 262
 0
 14
 0
 3
 0
 1
 1
 0
 5893
 2
 41
 8
 23
 142
 2
 152
 42
 153
 1
 4676
 0
 18
 1
 0
 0
 1
 0
 0
 89
 1
 5883
 7
 183
 23
 1
 15
 2
 8
 2
 29
 4
 5902
 2
 0
 0
 0
 0
 0
 14
 0
 71
 1
 5791
 0
 0
 0
 0
 0
 0
 0
 0
 0
 0
 5602
 8
 48
 81
 20
 1
 579
 0
 8
 0
 1
 5867
 2
 9
 6
 0
 7
 0
 2
 0
 95
 16
 5243
 28
 190
 0
 275
 1
 15
 0
 116
 100
 56
 5746
 167
 0
 157
 0
 25
 0
 20
 6
 483
 91
 5456
 0
 261
 0
 14
 0
 3
 0
 1
 1
 0
 5894
 2
 39
 8
 23
 140
 2
 151
 42
 153
 1
 4689
 0
 18
 1
 0
 0
 1
 0
 0
 88
 1
 5885
 7
 182
 23
 1
 15
 2
 8
 2
 29
 4
 5902
 2
 0
 0
 0
 0
 0
 14
 0
 71
 1
 5792
 0
 0
 0
 0
 0
 0
 0
 0
 0
 0
 5608
 8
 48
 81
 20
 1
 574
 0
 8
 0
 1
 5868
 2
 9
 6
 0
 7
 0
 2
 0
 94
 15
 5251
 26
 189
 0
 271
 1
 16
 0
 114
 100
 56
 5750
 166
 0
 157
 0
 24
 0
 19
 6
 477
 91
 5458
 0
 255
 0
 14
 0
 3
 0
 1
 1
 0
 5897
 2
 39
 8
 21
 139
 2
 150
 40
 153
 1
 4704
 0
 18
 1
 0
 0
 1
 0
 0
 86
 1
 5886
 7
 181
 22
 1
 14
 2
 8
 2
 29
 4
 5902
 2
 0
 0
 0
 0
 0
 13
 0
 70
 1
 5795
 0
 0
 0
 0
 0
 0
 0
 0
 0
 0
 5611
 8
 48
 79
 20
 1
 570
 0
 8
 0
 1
 5868
 2
 9
 6
 0
 7
 0
 2
 0
 92
 15
 5257
 28
 188
 0
 267
 1
 16
 0
 113
 100
 56
 5754
 166
 0
 156
 0
 23
 0
 19
 6
 473
 89
 5461
 0
 251
 0
 14
 0
 3
 0
 1
 1
 0
 5898
 2
 38
 8
 21
 140
 2
 148
 38
 151
 1
 4717
 0
 18
 1
 0
 0
 1
 0
 0
 85
 1
 5888
 7
 179
 21
 1
 14
 2
 8
 2
 29
 4
 5903
 2
 0
 0
 0
 0
 0
 13
 0
 69
 1
 5797
 0
 0
 0
 0
 0
 0
 0
 0
 0
 0
 5611
 8
 49
 79
 20
 1
 567
 0
 8
 0
 1
 5868
 2
 9
 6
 0
 7
 0
 2
 0
 94
 15
 5261
 27
 185
 0
 263
 1
 17
 0
 113
 100
 55
 5756
 166
 0
 152
 0
 23
 0
 19
 6
 471
 88
 5466
 0
 246
 0
 14
 0
 3
 0
 1
 1
 0
 5898
 2
 38
 8
 21
 138
 2
 147
 38
 149
 1
 4733
 0
 17
 1
 0
 0
 1
 0
 0
 85
 1
 5888
 7
 178
 21
 1
 13
 2
 8
 2
 29
 4
 5904
 2
 0
 0
 0
 0
 0
 13
 0
 69
 0
 5798
 0
 0
 0
 0
 0
 0
 0
 0
 0
 0
 5618
 8
 47
 77
 22
 1
 562
 0
 8
 0
 2
 5868
 2
 9
 6
 0
 7
 0
 2
 0
 94
 15
 5267
 26
 185
 0
 258
 1
 17
 0
 111
 100
 55
 5760
 164
 0
 152
 0
 23
 0
 19
 6
 467
 88
 5468
 0
 246
 0
 14
 0
 3
 0
 1
 1
 0
 5898
 1
 37
 7
 21
 132
 2
 147
 37
 147
 1
 4745
 0
 17
 1
 0
 0
 1
 0
 0
 85
 1
 5888
 7
 179
 21
 1
 13
 2
 8
 2
 28
 4
 5905
 2
 0
 0
 0
 0
 0
 13
 0
 70
 0
 5797
 0
 0
 0
 0
 0
 0
 0
 0
 0
 0


