# Created by Octave 6.2.0, Thu May 27 12:24:08 2021 GMT <unknown@DESKTOP-PM2CTTO>
# name: confMatrix1
# type: matrix
# ndims: 3
 10 11 50
 4972
 9
 294
 211
 22
 6
 1621
 0
 32
 1
 32
 5754
 34
 92
 45
 3
 33
 0
 8
 4
 84
 32
 3735
 71
 585
 0
 1679
 0
 53
 0
 684
 181
 100
 5470
 504
 1
 499
 0
 93
 0
 26
 6
 1585
 86
 4716
 0
 1730
 0
 27
 0
 55
 12
 143
 36
 42
 5310
 200
 613
 71
 120
 0
 0
 0
 1
 1
 0
 3
 0
 0
 0
 1
 0
 1
 0
 0
 289
 0
 4726
 24
 217
 134
 3
 106
 31
 79
 64
 232
 15
 5677
 9
 12
 3
 2
 2
 6
 327
 3
 646
 15
 5649
 0
 0
 0
 0
 0
 0
 0
 0
 0
 0
 5154
 14
 136
 204
 17
 7
 1630
 0
 26
 2
 37
 5763
 15
 71
 16
 0
 31
 0
 8
 2
 148
 50
 4423
 64
 448
 0
 1238
 0
 46
 0
 465
 142
 71
 5314
 201
 2
 287
 0
 67
 2
 41
 18
 1149
 280
 5209
 0
 1964
 0
 36
 0
 18
 6
 22
 10
 9
 5666
 16
 666
 55
 140
 25
 4
 102
 32
 59
 0
 628
 0
 12
 0
 0
 0
 0
 0
 1
 139
 4
 4831
 16
 134
 107
 3
 82
 24
 38
 40
 200
 20
 5723
 4
 5
 0
 0
 1
 2
 146
 2
 483
 11
 5716
 0
 0
 0
 0
 0
 0
 0
 0
 0
 0
 5040
 9
 83
 165
 7
 6
 1182
 0
 10
 0
 24
 5790
 10
 81
 21
 0
 18
 0
 2
 1
 103
 44
 4671
 68
 492
 0
 756
 0
 30
 0
 400
 122
 60
 5304
 185
 2
 245
 0
 44
 0
 40
 19
 760
 242
 4865
 0
 828
 0
 23
 0
 16
 1
 12
 4
 4
 5706
 3
 574
 24
 115
 298
 13
 349
 112
 395
 1
 2853
 0
 72
 2
 0
 0
 0
 0
 0
 122
 3
 4994
 17
 139
 76
 2
 55
 23
 30
 35
 111
 21
 5774
 2
 3
 0
 0
 1
 1
 128
 1
 411
 4
 5741
 0
 0
 0
 0
 0
 0
 0
 0
 0
 0
 5045
 12
 86
 162
 8
 6
 986
 0
 10
 1
 34
 5826
 13
 101
 28
 1
 26
 0
 4
 1
 89
 28
 4728
 60
 499
 0
 587
 0
 33
 0
 325
 104
 64
 5304
 172
 2
 204
 0
 43
 0
 27
 12
 676
 238
 4897
 0
 608
 0
 27
 0
 14
 1
 12
 4
 4
 5741
 3
 526
 18
 114
 403
 15
 370
 114
 365
 1
 3487
 0
 69
 2
 0
 0
 0
 0
 0
 111
 2
 5100
 17
 138
 61
 2
 51
 16
 26
 29
 95
 17
 5775
 3
 2
 0
 0
 1
 1
 109
 2
 357
 4
 5741
 0
 0
 0
 0
 0
 0
 0
 0
 0
 0
 5072
 13
 90
 163
 6
 5
 932
 0
 9
 1
 32
 5834
 14
 98
 29
 2
 27
 0
 2
 1
 90
 27
 4756
 50
 479
 0
 503
 0
 31
 0
 289
 99
 62
 5316
 168
 2
 179
 0
 44
 0
 25
 11
 627
 242
 4961
 0
 541
 0
 27
 0
 14
 0
 9
 3
 5
 5770
 3
 509
 19
 105
 423
 14
 395
 111
 326
 1
 3724
 0
 63
 1
 0
 0
 0
 0
 0
 100
 2
 5152
 17
 139
 54
 2
 47
 16
 25
 24
 88
 18
 5784
 6
 1
 0
 0
 1
 1
 96
 1
 321
 4
 5747
 0
 0
 0
 0
 0
 0
 0
 0
 0
 0
 5122
 14
 88
 157
 7
 5
 923
 0
 12
 1
 30
 5847
 13
 96
 27
 2
 24
 0
 2
 1
 90
 22
 4814
 51
 478
 0
 449
 0
 31
 0
 252
 91
 60
 5333
 162
 2
 167
 0
 42
 0
 25
 10
 579
 242
 5000
 0
 498
 0
 26
 0
 13
 0
 6
 4
 5
 5790
 1
 498
 17
 100
 417
 14
 396
 101
 296
 1
 3850
 0
 58
 1
 0
 0
 0
 0
 0
 91
 1
 5190
 16
 136
 51
 2
 44
 15
 24
 21
 86
 18
 5792
 7
 0
 0
 0
 1
 1
 88
 1
 294
 4
 5754
 0
 0
 0
 0
 0
 0
 0
 0
 0
 0
 5177
 16
 89
 153
 10
 5
 925
 0
 14
 1
 28
 5859
 14
 90
 23
 2
 22
 0
 3
 1
 85
 16
 4861
 49
 479
 0
 426
 0
 26
 0
 223
 84
 60
 5356
 160
 2
 155
 0
 41
 0
 23
 9
 550
 235
 5037
 0
 457
 0
 24
 0
 13
 1
 5
 4
 4
 5811
 1
 488
 16
 94
 400
 13
 385
 96
 266
 1
 3933
 0
 53
 1
 0
 0
 0
 0
 0
 82
 0
 5224
 15
 135
 51
 2
 36
 16
 20
 19
 80
 19
 5805
 7
 0
 0
 0
 1
 1
 78
 1
 269
 3
 5761
 0
 0
 0
 0
 0
 0
 0
 0
 0
 0
 5208
 15
 87
 154
 11
 6
 912
 0
 12
 0
 24
 5861
 15
 83
 23
 1
 21
 0
 4
 1
 84
 14
 4901
 49
 477
 0
 396
 0
 28
 0
 213
 84
 58
 5376
 150
 2
 151
 0
 37
 0
 25
 9
 517
 227
 5065
 0
 432
 0
 22
 0
 11
 1
 5
 3
 4
 5828
 1
 458
 13
 89
 385
 14
 379
 92
 252
 1
 4007
 0
 50
 1
 0
 0
 0
 0
 0
 77
 0
 5286
 12
 140
 50
 2
 38
 16
 18
 19
 79
 19
 5820
 6
 0
 0
 0
 0
 0
 66
 1
 237
 2
 5763
 0
 0
 0
 0
 0
 0
 0
 0
 0
 0
 5208
 16
 89
 147
 11
 4
 867
 0
 11
 0
 22
 5861
 16
 69
 19
 1
 20
 0
 3
 1
 81
 14
 4944
 48
 478
 0
 386
 0
 27
 0
 196
 85
 57
 5411
 151
 2
 145
 0
 35
 0
 24
 8
 474
 216
 5077
 0
 401
 0
 20
 0
 10
 1
 5
 3
 3
 5840
 1
 408
 12
 80
 411
 13
 377
 90
 243
 1
 4115
 0
 52
 1
 0
 0
 0
 0
 0
 76
 0
 5360
 11
 141
 47
 2
 38
 16
 18
 18
 64
 19
 5827
 7
 1
 0
 0
 0
 0
 58
 1
 213
 2
 5770
 0
 0
 0
 0
 0
 0
 0
 0
 0
 0
 5216
 15
 85
 138
 12
 4
 830
 0
 12
 0
 22
 5861
 14
 63
 17
 1
 21
 0
 2
 1
 79
 13
 4980
 50
 471
 0
 376
 0
 27
 0
 190
 87
 58
 5438
 153
 2
 141
 0
 35
 0
 23
 7
 457
 207
 5084
 0
 391
 0
 20
 0
 10
 2
 2
 2
 2
 5845
 1
 370
 13
 75
 416
 13
 372
 88
 243
 1
 4183
 0
 48
 1
 1
 0
 0
 0
 1
 74
 0
 5423
 11
 148
 42
 2
 32
 14
 17
 18
 56
 18
 5830
 6
 1
 0
 0
 0
 0
 55
 1
 189
 2
 5769
 0
 0
 0
 0
 0
 0
 0
 0
 0
 0
 5243
 14
 85
 133
 13
 2
 823
 0
 13
 0
 21
 5865
 14
 56
 16
 0
 21
 0
 2
 1
 76
 12
 5015
 48
 468
 0
 370
 0
 25
 0
 181
 85
 60
 5450
 153
 3
 139
 0
 34
 0
 22
 7
 435
 205
 5099
 0
 380
 0
 18
 0
 7
 2
 2
 2
 2
 5855
 1
 351
 11
 73
 408
 14
 358
 89
 232
 1
 4211
 0
 53
 1
 1
 0
 0
 0
 0
 68
 0
 5452
 12
 149
 39
 1
 31
 17
 17
 17
 54
 17
 5831
 6
 2
 0
 0
 0
 0
 54
 1
 180
 1
 5770
 0
 0
 0
 0
 0
 0
 0
 0
 0
 0
 5246
 14
 85
 130
 12
 2
 788
 0
 13
 0
 19
 5865
 13
 51
 15
 0
 19
 0
 2
 1
 71
 12
 5034
 48
 460
 0
 358
 0
 24
 0
 176
 85
 60
 5462
 155
 3
 140
 0
 32
 0
 23
 7
 424
 201
 5107
 0
 363
 0
 20
 0
 6
 2
 2
 2
 2
 5861
 1
 330
 11
 71
 417
 14
 351
 89
 232
 1
 4281
 0
 51
 1
 1
 0
 0
 0
 0
 69
 0
 5488
 12
 148
 39
 1
 31
 17
 17
 17
 49
 16
 5834
 6
 2
 0
 0
 0
 0
 47
 1
 166
 1
 5773
 0
 0
 0
 0
 0
 0
 0
 0
 0
 0
 5261
 15
 85
 130
 12
 2
 779
 0
 15
 0
 18
 5865
 13
 49
 15
 0
 18
 0
 2
 1
 71
 14
 5057
 49
 459
 0
 346
 0
 24
 0
 167
 84
 58
 5469
 153
 3
 134
 0
 31
 0
 23
 7
 409
 201
 5111
 0
 355
 0
 21
 0
 6
 1
 2
 2
 2
 5866
 2
 319
 11
 67
 411
 13
 347
 85
 230
 1
 4318
 0
 49
 1
 1
 0
 0
 0
 0
 67
 0
 5503
 12
 147
 40
 1
 29
 15
 18
 17
 47
 14
 5834
 6
 2
 0
 0
 0
 0
 44
 1
 164
 1
 5778
 0
 0
 0
 0
 0
 0
 0
 0
 0
 0
 5265
 14
 82
 126
 11
 2
 753
 0
 15
 0
 18
 5866
 13
 46
 16
 0
 19
 0
 2
 1
 68
 15
 5074
 48
 447
 0
 342
 0
 23
 0
 159
 83
 58
 5481
 155
 3
 132
 0
 31
 0
 22
 8
 408
 197
 5119
 1
 347
 0
 20
 0
 6
 1
 3
 2
 2
 5873
 1
 297
 9
 65
 419
 12
 338
 86
 232
 1
 4362
 0
 48
 1
 1
 0
 0
 0
 0
 66
 0
 5536
 13
 152
 40
 1
 24
 14
 18
 16
 43
 14
 5838
 6
 2
 0
 0
 0
 0
 38
 1
 153
 1
 5775
 0
 0
 0
 0
 0
 0
 0
 0
 0
 0
 5274
 12
 80
 122
 10
 1
 745
 0
 15
 0
 17
 5867
 13
 43
 16
 0
 19
 0
 1
 1
 67
 14
 5076
 48
 437
 0
 338
 0
 23
 0
 159
 83
 60
 5499
 160
 3
 133
 0
 31
 0
 22
 8
 405
 189
 5120
 1
 329
 1
 20
 0
 6
 2
 3
 2
 2
 5876
 2
 270
 10
 65
 414
 13
 339
 85
 237
 1
 4390
 0
 48
 1
 1
 0
 0
 0
 0
 67
 0
 5576
 13
 153
 38
 1
 24
 12
 18
 16
 43
 13
 5838
 4
 2
 0
 0
 0
 0
 35
 1
 140
 1
 5776
 0
 0
 0
 0
 0
 0
 0
 0
 0
 0
 5280
 12
 79
 117
 9
 1
 735
 0
 16
 0
 18
 5868
 13
 42
 15
 0
 19
 0
 1
 1
 66
 13
 5087
 47
 429
 0
 330
 0
 22
 0
 156
 84
 59
 5509
 161
 3
 134
 0
 30
 0
 22
 8
 404
 186
 5119
 1
 316
 1
 20
 0
 6
 2
 3
 2
 2
 5877
 2
 247
 9
 64
 412
 12
 331
 86
 248
 1
 4422
 0
 47
 1
 1
 0
 0
 0
 0
 66
 0
 5607
 11
 156
 37
 1
 24
 11
 17
 16
 41
 12
 5843
 4
 2
 0
 0
 0
 0
 35
 1
 133
 1
 5774
 0
 0
 0
 0
 0
 0
 0
 0
 0
 0
 5281
 12
 79
 115
 9
 1
 735
 0
 15
 0
 17
 5868
 12
 41
 15
 0
 19
 0
 1
 1
 65
 13
 5094
 46
 430
 0
 326
 0
 22
 0
 159
 83
 60
 5517
 161
 3
 135
 0
 30
 0
 24
 9
 397
 184
 5123
 1
 304
 1
 20
 0
 6
 2
 3
 2
 2
 5882
 1
 223
 9
 59
 408
 12
 331
 84
 243
 1
 4440
 0
 47
 1
 1
 0
 0
 0
 0
 66
 0
 5637
 11
 162
 37
 1
 24
 11
 17
 16
 39
 11
 5844
 4
 2
 0
 0
 0
 0
 30
 1
 128
 1
 5773
 0
 0
 0
 0
 0
 0
 0
 0
 0
 0
 5285
 12
 79
 115
 9
 1
 737
 0
 15
 0
 17
 5869
 11
 38
 14
 0
 18
 0
 1
 1
 67
 12
 5109
 46
 424
 0
 326
 0
 23
 0
 159
 84
 60
 5527
 162
 3
 137
 1
 29
 0
 25
 8
 396
 180
 5123
 1
 299
 1
 19
 0
 7
 2
 3
 2
 2
 5881
 1
 197
 9
 58
 401
 12
 319
 81
 249
 1
 4443
 0
 45
 1
 1
 0
 0
 0
 0
 68
 0
 5663
 11
 162
 36
 1
 23
 11
 17
 16
 38
 11
 5847
 4
 2
 0
 0
 0
 0
 29
 1
 127
 1
 5774
 0
 0
 0
 0
 0
 0
 0
 0
 0
 0
 5291
 13
 82
 114
 9
 1
 740
 0
 15
 0
 16
 5869
 11
 35
 13
 0
 17
 0
 1
 1
 67
 12
 5124
 47
 421
 0
 320
 1
 23
 0
 155
 84
 61
 5531
 162
 3
 141
 2
 29
 0
 26
 8
 394
 181
 5128
 1
 297
 0
 19
 0
 7
 2
 2
 2
 2
 5875
 1
 177
 8
 56
 399
 11
 304
 79
 248
 1
 4445
 0
 44
 1
 1
 0
 0
 0
 0
 75
 0
 5683
 12
 159
 36
 1
 22
 11
 17
 16
 38
 11
 5848
 4
 2
 0
 0
 0
 0
 28
 1
 126
 1
 5779
 0
 0
 0
 0
 0
 0
 0
 0
 0
 0
 5297
 13
 86
 111
 9
 1
 740
 0
 15
 0
 15
 5869
 11
 33
 13
 0
 15
 0
 1
 1
 70
 12
 5129
 47
 419
 0
 322
 1
 23
 0
 155
 84
 61
 5537
 164
 3
 144
 2
 28
 0
 26
 8
 395
 182
 5134
 1
 297
 0
 19
 0
 7
 2
 2
 2
 1
 5873
 1
 154
 8
 52
 391
 11
 294
 76
 243
 1
 4442
 0
 43
 1
 1
 0
 0
 0
 0
 77
 0
 5702
 12
 156
 36
 1
 22
 12
 17
 16
 38
 13
 5850
 4
 2
 0
 0
 0
 0
 28
 1
 128
 1
 5786
 0
 0
 0
 0
 0
 0
 0
 0
 0
 0
 5305
 12
 85
 109
 9
 1
 737
 0
 15
 0
 15
 5868
 11
 31
 13
 0
 15
 0
 1
 1
 71
 12
 5138
 47
 420
 0
 324
 1
 23
 0
 154
 86
 60
 5540
 164
 3
 145
 2
 29
 0
 26
 8
 393
 182
 5138
 1
 296
 0
 18
 0
 7
 2
 2
 2
 1
 5865
 1
 141
 8
 51
 383
 11
 288
 76
 238
 1
 4443
 0
 42
 1
 1
 0
 0
 0
 0
 84
 0
 5711
 12
 151
 36
 1
 23
 13
 17
 16
 38
 14
 5851
 4
 2
 0
 0
 0
 0
 29
 1
 131
 1
 5792
 0
 0
 0
 0
 0
 0
 0
 0
 0
 0
 5311
 11
 84
 108
 9
 1
 738
 0
 15
 0
 13
 5868
 10
 31
 13
 0
 15
 0
 1
 1
 71
 12
 5149
 47
 419
 0
 324
 1
 24
 0
 153
 87
 62
 5540
 165
 3
 145
 2
 27
 0
 26
 8
 390
 181
 5145
 1
 297
 0
 18
 0
 7
 2
 2
 2
 1
 5860
 1
 132
 8
 49
 380
 11
 280
 78
 231
 2
 4442
 0
 41
 1
 1
 0
 0
 0
 0
 87
 0
 5717
 11
 146
 36
 1
 23
 13
 17
 15
 37
 14
 5854
 4
 2
 0
 0
 0
 0
 31
 1
 134
 1
 5799
 0
 0
 0
 0
 0
 0
 0
 0
 0
 0
 5313
 12
 85
 109
 9
 1
 737
 0
 15
 0
 12
 5868
 10
 31
 13
 0
 14
 0
 1
 1
 74
 12
 5148
 46
 416
 0
 324
 1
 25
 0
 153
 87
 62
 5542
 165
 3
 145
 2
 27
 0
 27
 8
 393
 181
 5148
 1
 297
 0
 19
 0
 6
 2
 2
 2
 1
 5858
 1
 120
 7
 46
 376
 10
 276
 76
 231
 2
 4444
 0
 39
 1
 1
 0
 0
 0
 0
 89
 0
 5727
 11
 146
 36
 1
 24
 13
 17
 15
 37
 15
 5855
 4
 2
 0
 0
 0
 0
 31
 1
 135
 1
 5802
 0
 0
 0
 0
 0
 0
 0
 0
 0
 0
 5313
 12
 84
 112
 9
 1
 734
 0
 15
 0
 12
 5867
 10
 31
 12
 0
 14
 0
 1
 1
 75
 12
 5151
 45
 414
 0
 322
 1
 25
 0
 151
 88
 62
 5542
 165
 3
 144
 2
 28
 0
 29
 8
 392
 179
 5152
 1
 296
 0
 19
 0
 6
 2
 2
 2
 1
 5853
 1
 110
 7
 42
 375
 10
 275
 76
 230
 2
 4452
 0
 38
 1
 1
 0
 0
 0
 0
 94
 0
 5736
 11
 141
 36
 1
 24
 13
 17
 15
 36
 15
 5855
 4
 2
 0
 0
 0
 0
 31
 1
 136
 1
 5811
 0
 0
 0
 0
 0
 0
 0
 0
 0
 0
 5315
 12
 85
 112
 10
 1
 725
 0
 15
 0
 12
 5867
 9
 31
 12
 0
 14
 0
 1
 1
 76
 12
 5150
 45
 411
 0
 317
 1
 25
 0
 148
 88
 63
 5544
 165
 3
 139
 2
 28
 0
 29
 8
 394
 176
 5156
 1
 295
 0
 19
 0
 6
 2
 2
 2
 1
 5847
 1
 102
 7
 42
 375
 10
 273
 77
 228
 2
 4471
 0
 38
 1
 1
 0
 0
 0
 0
 98
 0
 5742
 11
 141
 36
 1
 24
 13
 17
 15
 37
 15
 5855
 4
 2
 0
 0
 0
 0
 33
 1
 138
 1
 5811
 0
 0
 0
 0
 0
 0
 0
 0
 0
 0
 5318
 12
 85
 110
 10
 1
 719
 0
 15
 0
 8
 5867
 9
 31
 12
 0
 14
 0
 1
 1
 76
 12
 5150
 45
 408
 0
 317
 1
 25
 0
 144
 88
 62
 5544
 165
 3
 137
 2
 28
 0
 30
 8
 394
 176
 5159
 1
 296
 0
 19
 0
 6
 2
 2
 2
 1
 5844
 1
 99
 7
 40
 379
 10
 273
 79
 228
 2
 4477
 0
 38
 1
 1
 0
 0
 0
 0
 101
 0
 5744
 11
 139
 36
 1
 25
 13
 17
 14
 38
 15
 5855
 4
 2
 0
 0
 0
 0
 34
 1
 139
 1
 5815
 0
 0
 0
 0
 0
 0
 0
 0
 0
 0
 5312
 12
 84
 110
 10
 1
 711
 0
 15
 0
 8
 5867
 9
 30
 12
 0
 13
 0
 1
 1
 76
 12
 5150
 44
 405
 0
 315
 1
 25
 0
 144
 88
 62
 5546
 164
 3
 136
 2
 28
 0
 30
 8
 395
 175
 5160
 1
 296
 0
 19
 0
 6
 2
 2
 2
 1
 5843
 1
 95
 7
 40
 385
 10
 273
 80
 230
 2
 4489
 0
 36
 1
 1
 0
 0
 0
 0
 102
 0
 5749
 12
 139
 36
 1
 25
 13
 18
 14
 38
 15
 5856
 4
 2
 0
 0
 0
 0
 34
 1
 138
 1
 5815
 0
 0
 0
 0
 0
 0
 0
 0
 0
 0
 5310
 12
 84
 110
 10
 1
 701
 0
 15
 0
 8
 5867
 9
 27
 12
 0
 13
 0
 1
 1
 76
 12
 5150
 43
 400
 0
 313
 1
 25
 0
 143
 88
 62
 5549
 164
 3
 136
 2
 28
 0
 30
 8
 398
 176
 5164
 1
 296
 0
 19
 0
 6
 2
 2
 2
 1
 5842
 1
 92
 7
 40
 388
 10
 270
 80
 231
 2
 4501
 0
 36
 1
 1
 0
 0
 0
 0
 104
 0
 5752
 12
 140
 36
 1
 25
 13
 18
 14
 38
 15
 5856
 4
 2
 0
 0
 0
 0
 33
 1
 138
 1
 5814
 0
 0
 0
 0
 0
 0
 0
 0
 0
 0
 5307
 12
 82
 110
 10
 1
 695
 0
 16
 0
 8
 5867
 9
 26
 12
 0
 13
 0
 1
 1
 76
 12
 5146
 42
 393
 0
 313
 1
 25
 0
 143
 88
 62
 5549
 164
 3
 135
 2
 26
 0
 30
 8
 401
 176
 5172
 1
 296
 0
 20
 0
 6
 2
 2
 2
 1
 5842
 1
 90
 7
 40
 391
 10
 273
 82
 230
 2
 4508
 0
 36
 1
 1
 0
 0
 0
 0
 104
 0
 5754
 12
 140
 36
 1
 25
 13
 18
 14
 38
 15
 5856
 4
 2
 0
 0
 0
 0
 33
 1
 138
 1
 5814
 0
 0
 0
 0
 0
 0
 0
 0
 0
 0
 5304
 11
 81
 109
 9
 1
 687
 0
 16
 0
 8
 5867
 10
 26
 12
 0
 13
 0
 1
 1
 76
 12
 5146
 43
 392
 0
 311
 1
 25
 0
 143
 88
 62
 5549
 164
 3
 135
 2
 26
 0
 30
 8
 401
 176
 5177
 1
 295
 0
 20
 0
 6
 2
 2
 2
 1
 5841
 1
 89
 7
 41
 394
 11
 273
 82
 227
 2
 4519
 0
 36
 1
 1
 0
 0
 0
 0
 105
 0
 5756
 12
 141
 36
 1
 25
 13
 18
 14
 38
 14
 5856
 3
 2
 0
 0
 0
 0
 33
 1
 138
 1
 5813
 0
 0
 0
 0
 0
 0
 0
 0
 0
 0
 5298
 11
 81
 109
 9
 1
 682
 0
 16
 0
 8
 5867
 10
 26
 12
 0
 12
 0
 1
 1
 76
 12
 5144
 43
 390
 0
 311
 1
 25
 0
 143
 88
 62
 5548
 164
 3
 135
 2
 26
 0
 30
 8
 402
 176
 5180
 1
 298
 0
 20
 0
 6
 2
 3
 2
 1
 5838
 1
 88
 6
 41
 401
 11
 274
 83
 226
 2
 4522
 0
 36
 1
 1
 0
 0
 0
 0
 108
 0
 5759
 13
 141
 35
 1
 24
 13
 18
 14
 38
 14
 5856
 3
 2
 0
 0
 0
 0
 33
 1
 136
 1
 5813
 0
 0
 0
 0
 0
 0
 0
 0
 0
 0
 5290
 11
 81
 108
 9
 1
 680
 0
 16
 0
 8
 5867
 10
 26
 12
 0
 12
 0
 1
 1
 76
 12
 5142
 43
 387
 0
 311
 1
 25
 0
 143
 88
 62
 5548
 164
 3
 134
 2
 26
 0
 30
 8
 404
 176
 5182
 1
 296
 0
 20
 0
 6
 2
 3
 2
 1
 5837
 1
 87
 6
 41
 409
 11
 274
 84
 227
 2
 4527
 0
 36
 1
 1
 0
 0
 0
 0
 109
 0
 5760
 13
 142
 35
 1
 24
 13
 18
 14
 38
 14
 5856
 3
 2
 0
 0
 0
 0
 33
 1
 136
 1
 5812
 0
 0
 0
 0
 0
 0
 0
 0
 0
 0
 5288
 12
 81
 107
 9
 1
 675
 0
 16
 0
 8
 5866
 10
 25
 12
 0
 12
 0
 1
 1
 76
 12
 5141
 43
 383
 0
 312
 1
 25
 0
 143
 88
 62
 5549
 164
 3
 134
 2
 26
 0
 30
 8
 405
 176
 5186
 1
 297
 0
 20
 0
 6
 2
 3
 2
 1
 5836
 1
 87
 6
 40
 411
 11
 274
 85
 227
 2
 4530
 0
 36
 1
 1
 0
 0
 0
 0
 110
 0
 5760
 13
 143
 35
 1
 24
 13
 18
 14
 38
 14
 5856
 3
 2
 0
 0
 0
 0
 33
 1
 136
 1
 5812
 0
 0
 0
 0
 0
 0
 0
 0
 0
 0
 5286
 12
 81
 107
 9
 1
 673
 0
 16
 0
 8
 5865
 10
 25
 12
 0
 12
 0
 1
 1
 76
 13
 5140
 43
 383
 0
 312
 1
 25
 0
 143
 88
 61
 5549
 164
 3
 134
 2
 26
 0
 30
 8
 406
 176
 5187
 1
 297
 0
 20
 0
 6
 2
 3
 2
 1
 5836
 1
 87
 6
 40
 413
 11
 275
 85
 226
 2
 4532
 0
 36
 1
 1
 0
 0
 0
 0
 110
 0
 5760
 14
 144
 35
 1
 24
 13
 18
 14
 38
 14
 5855
 3
 2
 0
 0
 0
 0
 33
 1
 136
 1
 5811
 0
 0
 0
 0
 0
 0
 0
 0
 0
 0
 5283
 12
 81
 107
 9
 1
 668
 0
 16
 0
 8
 5865
 10
 25
 12
 0
 12
 0
 1
 1
 76
 13
 5140
 43
 380
 0
 312
 1
 25
 0
 143
 88
 61
 5549
 164
 3
 133
 2
 26
 0
 30
 8
 407
 176
 5190
 1
 296
 0
 20
 0
 6
 2
 3
 2
 1
 5836
 1
 87
 6
 40
 416
 11
 274
 85
 226
 2
 4539
 0
 36
 1
 1
 0
 0
 0
 0
 110
 0
 5760
 14
 144
 35
 1
 24
 13
 18
 14
 38
 14
 5855
 3
 2
 0
 0
 0
 0
 33
 1
 136
 1
 5811
 0
 0
 0
 0
 0
 0
 0
 0
 0
 0
 5282
 12
 80
 107
 8
 1
 668
 0
 16
 0
 8
 5865
 10
 25
 12
 0
 12
 0
 1
 1
 76
 13
 5141
 43
 379
 0
 311
 1
 25
 0
 143
 88
 61
 5550
 164
 3
 133
 2
 26
 0
 30
 8
 408
 176
 5191
 1
 296
 0
 20
 0
 6
 2
 3
 1
 1
 5836
 1
 87
 6
 40
 417
 11
 273
 85
 227
 2
 4540
 0
 36
 1
 1
 0
 0
 0
 0
 110
 0
 5761
 14
 144
 35
 1
 24
 13
 18
 14
 38
 13
 5855
 3
 2
 0
 0
 0
 0
 33
 1
 136
 1
 5811
 0
 0
 0
 0
 0
 0
 0
 0
 0
 0
 5281
 12
 79
 107
 8
 1
 668
 0
 16
 0
 7
 5865
 10
 25
 12
 0
 12
 0
 1
 1
 76
 13
 5141
 42
 379
 0
 310
 1
 25
 0
 144
 88
 62
 5549
 164
 3
 133
 2
 26
 0
 30
 8
 408
 176
 5193
 1
 297
 0
 20
 0
 6
 2
 3
 1
 1
 5836
 1
 87
 6
 40
 418
 11
 273
 87
 225
 2
 4540
 0
 36
 1
 1
 0
 0
 0
 0
 110
 0
 5761
 14
 144
 35
 1
 24
 13
 18
 14
 38
 13
 5855
 3
 2
 0
 0
 0
 0
 33
 1
 136
 1
 5811
 0
 0
 0
 0
 0
 0
 0
 0
 0
 0
 5280
 12
 79
 107
 8
 1
 668
 0
 16
 0
 7
 5865
 10
 25
 12
 0
 12
 0
 1
 1
 76
 13
 5140
 42
 379
 0
 309
 1
 25
 0
 144
 88
 62
 5549
 163
 3
 133
 2
 26
 0
 30
 8
 409
 176
 5194
 1
 296
 0
 20
 0
 6
 2
 3
 1
 1
 5836
 1
 87
 6
 40
 419
 11
 273
 87
 225
 2
 4541
 0
 36
 1
 1
 0
 0
 0
 0
 110
 0
 5761
 14
 144
 35
 1
 24
 13
 18
 14
 39
 13
 5855
 3
 2
 0
 0
 0
 0
 33
 1
 136
 1
 5811
 0
 0
 0
 0
 0
 0
 0
 0
 0
 0
 5280
 12
 79
 107
 8
 1
 666
 0
 16
 0
 7
 5865
 10
 25
 12
 0
 12
 0
 1
 1
 76
 13
 5139
 42
 379
 0
 309
 1
 25
 0
 144
 88
 62
 5549
 163
 3
 133
 2
 26
 0
 30
 8
 409
 176
 5194
 1
 296
 0
 20
 0
 6
 2
 3
 1
 1
 5836
 1
 87
 6
 40
 419
 11
 274
 87
 225
 2
 4543
 0
 36
 1
 1
 0
 0
 0
 0
 110
 0
 5761
 14
 144
 35
 1
 24
 13
 18
 14
 39
 13
 5855
 3
 2
 0
 0
 0
 0
 33
 1
 136
 1
 5811
 0
 0
 0
 0
 0
 0
 0
 0
 0
 0
 5279
 12
 78
 107
 8
 1
 666
 0
 16
 0
 7
 5865
 10
 25
 12
 0
 12
 0
 1
 1
 76
 13
 5139
 41
 378
 0
 309
 1
 25
 0
 144
 88
 62
 5549
 163
 3
 133
 2
 26
 0
 30
 8
 409
 177
 5195
 1
 296
 0
 20
 0
 6
 2
 3
 1
 1
 5836
 1
 87
 6
 40
 420
 11
 275
 87
 225
 2
 4543
 0
 36
 1
 1
 0
 0
 0
 0
 110
 0
 5761
 14
 144
 35
 1
 24
 13
 18
 14
 39
 13
 5855
 3
 2
 0
 0
 0
 0
 33
 1
 136
 1
 5811
 0
 0
 0
 0
 0
 0
 0
 0
 0
 0
 5279
 12
 78
 107
 8
 1
 665
 0
 16
 0
 7
 5865
 10
 25
 12
 0
 12
 0
 1
 1
 76
 13
 5138
 41
 377
 0
 309
 1
 25
 0
 144
 88
 62
 5549
 163
 3
 133
 2
 26
 0
 30
 8
 410
 177
 5196
 1
 296
 0
 20
 0
 6
 2
 3
 1
 1
 5836
 1
 86
 6
 40
 420
 11
 275
 87
 225
 2
 4544
 0
 36
 1
 1
 0
 0
 0
 0
 110
 0
 5762
 14
 144
 35
 1
 24
 13
 18
 14
 39
 13
 5855
 3
 2
 0
 0
 0
 0
 33
 1
 136
 1
 5811
 0
 0
 0
 0
 0
 0
 0
 0
 0
 0
 5279
 12
 78
 107
 8
 1
 665
 0
 16
 0
 7
 5865
 10
 25
 12
 0
 12
 0
 1
 1
 76
 13
 5137
 41
 376
 0
 309
 1
 25
 0
 144
 88
 62
 5549
 163
 3
 133
 2
 26
 0
 30
 8
 411
 177
 5197
 1
 296
 0
 20
 0
 6
 2
 3
 1
 1
 5836
 1
 86
 6
 40
 420
 11
 275
 87
 225
 2
 4544
 0
 36
 1
 1
 0
 0
 0
 0
 110
 0
 5762
 14
 144
 35
 1
 24
 13
 18
 14
 39
 13
 5855
 3
 2
 0
 0
 0
 0
 33
 1
 136
 1
 5811
 0
 0
 0
 0
 0
 0
 0
 0
 0
 0
 5279
 12
 78
 107
 8
 1
 665
 0
 16
 0
 7
 5865
 10
 25
 12
 0
 12
 0
 1
 1
 76
 13
 5137
 41
 376
 0
 309
 1
 25
 0
 144
 88
 62
 5549
 163
 3
 133
 2
 26
 0
 30
 8
 411
 177
 5197
 1
 296
 0
 20
 0
 6
 2
 3
 1
 1
 5836
 1
 86
 6
 40
 420
 11
 275
 87
 225
 2
 4544
 0
 36
 1
 1
 0
 0
 0
 0
 110
 0
 5762
 14
 144
 35
 1
 24
 13
 18
 14
 39
 13
 5855
 3
 2
 0
 0
 0
 0
 33
 1
 136
 1
 5811
 0
 0
 0
 0
 0
 0
 0
 0
 0
 0
 5278
 12
 78
 107
 8
 1
 665
 0
 16
 0
 7
 5865
 10
 25
 12
 0
 12
 0
 1
 1
 76
 13
 5136
 41
 375
 0
 309
 1
 25
 0
 144
 88
 62
 5549
 163
 3
 133
 2
 26
 0
 30
 8
 412
 177
 5198
 1
 296
 0
 20
 0
 6
 2
 3
 1
 1
 5836
 1
 86
 6
 40
 421
 11
 275
 87
 225
 2
 4544
 0
 36
 1
 1
 0
 0
 0
 0
 110
 0
 5762
 14
 144
 35
 1
 24
 13
 18
 14
 39
 13
 5855
 3
 2
 0
 0
 0
 0
 33
 1
 136
 1
 5811
 0
 0
 0
 0
 0
 0
 0
 0
 0
 0
 5278
 12
 78
 107
 8
 1
 665
 0
 16
 0
 7
 5865
 10
 25
 12
 0
 12
 0
 1
 1
 76
 13
 5136
 41
 375
 0
 309
 1
 25
 0
 144
 88
 62
 5549
 163
 3
 133
 2
 26
 0
 30
 8
 412
 177
 5198
 1
 296
 0
 20
 0
 6
 2
 3
 1
 1
 5836
 1
 86
 6
 40
 421
 11
 275
 87
 225
 2
 4544
 0
 36
 1
 1
 0
 0
 0
 0
 110
 0
 5762
 14
 144
 35
 1
 24
 13
 18
 14
 39
 13
 5855
 3
 2
 0
 0
 0
 0
 33
 1
 136
 1
 5811
 0
 0
 0
 0
 0
 0
 0
 0
 0
 0
 5278
 12
 78
 107
 8
 1
 665
 0
 16
 0
 7
 5865
 10
 25
 12
 0
 12
 0
 1
 1
 76
 13
 5136
 41
 375
 0
 309
 1
 25
 0
 144
 88
 62
 5549
 163
 3
 133
 2
 26
 0
 30
 8
 412
 177
 5198
 1
 296
 0
 20
 0
 6
 2
 3
 1
 1
 5836
 1
 86
 6
 40
 421
 11
 275
 87
 225
 2
 4544
 0
 36
 1
 1
 0
 0
 0
 0
 110
 0
 5762
 14
 144
 35
 1
 24
 13
 18
 14
 39
 13
 5855
 3
 2
 0
 0
 0
 0
 33
 1
 136
 1
 5811
 0
 0
 0
 0
 0
 0
 0
 0
 0
 0
 5278
 12
 78
 107
 8
 1
 665
 0
 16
 0
 7
 5865
 10
 25
 12
 0
 12
 0
 1
 1
 76
 13
 5136
 41
 375
 0
 309
 1
 25
 0
 144
 88
 62
 5549
 163
 3
 133
 2
 26
 0
 30
 8
 412
 177
 5198
 1
 296
 0
 20
 0
 6
 2
 3
 1
 1
 5836
 1
 86
 6
 40
 421
 11
 275
 87
 225
 2
 4544
 0
 36
 1
 1
 0
 0
 0
 0
 110
 0
 5762
 14
 144
 35
 1
 24
 13
 18
 14
 39
 13
 5855
 3
 2
 0
 0
 0
 0
 33
 1
 136
 1
 5811
 0
 0
 0
 0
 0
 0
 0
 0
 0
 0
 5278
 12
 78
 107
 8
 1
 665
 0
 16
 0
 7
 5865
 10
 25
 12
 0
 12
 0
 1
 1
 76
 13
 5136
 41
 375
 0
 309
 1
 25
 0
 144
 88
 62
 5549
 163
 3
 133
 2
 26
 0
 30
 8
 412
 177
 5198
 1
 296
 0
 20
 0
 6
 2
 3
 1
 1
 5836
 1
 86
 6
 40
 421
 11
 275
 87
 225
 2
 4544
 0
 36
 1
 1
 0
 0
 0
 0
 110
 0
 5762
 14
 145
 35
 1
 24
 13
 18
 14
 39
 13
 5855
 3
 2
 0
 0
 0
 0
 33
 1
 136
 1
 5810
 0
 0
 0
 0
 0
 0
 0
 0
 0
 0
 5278
 12
 78
 107
 8
 1
 665
 0
 16
 0
 7
 5865
 10
 25
 12
 0
 12
 0
 1
 1
 76
 13
 5136
 41
 375
 0
 309
 1
 25
 0
 144
 88
 62
 5549
 163
 3
 133
 2
 26
 0
 30
 8
 412
 177
 5198
 1
 296
 0
 20
 0
 6
 2
 3
 1
 1
 5836
 1
 86
 6
 40
 421
 11
 275
 87
 225
 2
 4544
 0
 36
 1
 1
 0
 0
 0
 0
 110
 0
 5762
 14
 145
 35
 1
 24
 13
 18
 14
 39
 13
 5855
 3
 2
 0
 0
 0
 0
 33
 1
 136
 1
 5810
 0
 0
 0
 0
 0
 0
 0
 0
 0
 0
 5278
 12
 78
 107
 8
 1
 665
 0
 16
 0
 7
 5865
 10
 25
 12
 0
 12
 0
 1
 1
 76
 13
 5136
 41
 375
 0
 309
 1
 25
 0
 144
 88
 62
 5549
 163
 3
 133
 2
 26
 0
 30
 8
 412
 177
 5198
 1
 296
 0
 20
 0
 6
 2
 3
 1
 1
 5836
 1
 86
 6
 40
 421
 11
 275
 87
 225
 2
 4544
 0
 36
 1
 1
 0
 0
 0
 0
 110
 0
 5762
 14
 145
 35
 1
 24
 13
 18
 14
 39
 13
 5855
 3
 2
 0
 0
 0
 0
 33
 1
 136
 1
 5810
 0
 0
 0
 0
 0
 0
 0
 0
 0
 0


