# Created by Octave 6.2.0, Fri May 21 16:31:59 2021 GMT <unknown@DESKTOP-PM2CTTO>
# name: confMatrix2
# type: matrix
# ndims: 3
 10 11 50
 239
 0
 0
 0
 0
 0
 16
 0
 0
 0
 518
 971
 44
 863
 109
 1
 218
 0
 26
 2
 0
 0
 0
 0
 0
 0
 0
 0
 0
 0
 0
 0
 0
 0
 0
 0
 0
 0
 0
 0
 141
 22
 753
 71
 798
 0
 535
 0
 88
 1
 86
 4
 157
 60
 74
 844
 194
 853
 142
 49
 0
 0
 0
 0
 0
 0
 0
 0
 0
 0
 0
 0
 0
 0
 0
 0
 0
 0
 0
 0
 0
 0
 0
 0
 0
 0
 0
 0
 0
 0
 16
 3
 46
 6
 19
 155
 37
 147
 744
 948
 0
 0
 0
 0
 0
 0
 0
 0
 0
 0
 594
 9
 8
 86
 34
 0
 185
 0
 9
 1
 267
 965
 33
 848
 95
 1
 135
 0
 13
 0
 5
 5
 117
 0
 24
 0
 45
 0
 1
 0
 7
 0
 0
 7
 1
 1
 5
 0
 26
 0
 87
 17
 770
 47
 800
 0
 511
 0
 42
 2
 24
 2
 30
 5
 23
 135
 67
 0
 34
 2
 0
 0
 0
 0
 0
 0
 0
 0
 0
 0
 2
 0
 0
 0
 0
 547
 3
 873
 65
 39
 13
 2
 41
 6
 22
 0
 48
 0
 543
 0
 1
 0
 1
 1
 1
 316
 1
 127
 267
 956
 0
 0
 0
 0
 0
 0
 0
 0
 0
 0
 818
 25
 39
 203
 73
 0
 305
 0
 12
 1
 27
 933
 3
 352
 26
 0
 14
 0
 2
 0
 9
 10
 403
 2
 116
 0
 151
 0
 10
 0
 72
 15
 9
 403
 41
 2
 28
 0
 26
 1
 14
 12
 449
 23
 687
 0
 362
 0
 5
 0
 32
 3
 27
 10
 20
 303
 65
 11
 28
 5
 0
 0
 0
 0
 0
 0
 0
 0
 0
 0
 1
 0
 0
 0
 0
 429
 0
 883
 19
 44
 26
 2
 69
 7
 37
 5
 75
 0
 894
 1
 1
 0
 1
 0
 0
 261
 0
 106
 4
 948
 0
 0
 0
 0
 0
 0
 0
 0
 0
 0
 809
 21
 49
 125
 19
 0
 288
 0
 7
 0
 9
 918
 1
 43
 13
 0
 4
 0
 2
 0
 9
 11
 515
 4
 164
 0
 197
 0
 10
 0
 101
 34
 14
 783
 87
 3
 59
 0
 32
 1
 8
 13
 328
 22
 656
 0
 300
 0
 3
 0
 34
 1
 33
 12
 23
 550
 70
 31
 27
 6
 1
 0
 4
 3
 4
 0
 7
 0
 0
 0
 1
 0
 0
 0
 0
 265
 0
 861
 10
 42
 27
 2
 56
 8
 34
 12
 75
 0
 907
 1
 1
 0
 0
 0
 0
 170
 0
 108
 2
 950
 0
 0
 0
 0
 0
 0
 0
 0
 0
 0
 802
 15
 49
 76
 5
 0
 266
 0
 6
 0
 10
 916
 1
 16
 11
 0
 3
 0
 2
 0
 8
 13
 575
 5
 200
 0
 209
 0
 11
 0
 108
 41
 16
 847
 92
 3
 78
 0
 26
 0
 12
 13
 276
 31
 634
 0
 288
 0
 3
 0
 32
 1
 37
 13
 22
 669
 75
 43
 28
 11
 1
 0
 5
 5
 7
 0
 14
 0
 0
 0
 0
 0
 0
 0
 0
 201
 0
 847
 8
 41
 27
 1
 41
 7
 29
 14
 67
 0
 914
 1
 0
 0
 0
 0
 0
 113
 0
 110
 2
 947
 0
 0
 0
 0
 0
 0
 0
 0
 0
 0
 805
 10
 46
 58
 2
 0
 253
 0
 3
 0
 10
 920
 1
 15
 11
 0
 3
 0
 2
 0
 10
 14
 618
 8
 226
 0
 236
 0
 13
 0
 106
 43
 14
 853
 83
 3
 85
 0
 22
 0
 13
 11
 255
 37
 624
 0
 273
 0
 4
 0
 29
 1
 27
 12
 18
 742
 66
 46
 28
 13
 1
 0
 6
 11
 11
 0
 23
 0
 0
 0
 0
 0
 0
 0
 0
 162
 0
 844
 7
 40
 26
 1
 33
 6
 25
 12
 61
 0
 920
 1
 0
 0
 0
 0
 0
 81
 0
 110
 1
 946
 0
 0
 0
 0
 0
 0
 0
 0
 0
 0
 802
 6
 40
 56
 2
 0
 249
 0
 3
 0
 9
 923
 1
 15
 9
 1
 3
 0
 2
 0
 13
 14
 640
 9
 233
 0
 239
 0
 16
 0
 105
 45
 11
 853
 68
 2
 79
 0
 21
 0
 11
 10
 248
 38
 647
 0
 280
 0
 4
 0
 24
 1
 21
 8
 12
 770
 60
 52
 28
 13
 8
 0
 11
 14
 13
 0
 37
 0
 0
 0
 0
 0
 0
 0
 0
 146
 0
 840
 6
 40
 28
 1
 28
 7
 16
 11
 53
 0
 919
 1
 0
 0
 0
 0
 0
 70
 0
 108
 1
 946
 0
 0
 0
 0
 0
 0
 0
 0
 0
 0
 806
 6
 34
 57
 2
 0
 246
 0
 3
 0
 8
 923
 2
 15
 7
 1
 3
 0
 2
 0
 14
 14
 654
 11
 219
 0
 236
 0
 16
 0
 105
 45
 11
 842
 60
 2
 80
 0
 20
 0
 12
 10
 243
 42
 675
 0
 289
 0
 4
 0
 21
 1
 14
 7
 10
 800
 43
 49
 27
 16
 9
 0
 18
 19
 12
 0
 55
 0
 0
 0
 0
 0
 0
 0
 0
 119
 0
 845
 6
 40
 25
 1
 24
 6
 15
 11
 48
 0
 921
 1
 0
 0
 0
 1
 0
 67
 0
 106
 1
 943
 0
 0
 0
 0
 0
 0
 0
 0
 0
 0
 804
 5
 31
 54
 1
 0
 247
 0
 3
 0
 8
 926
 2
 15
 6
 1
 3
 0
 2
 0
 14
 15
 665
 10
 197
 0
 232
 0
 17
 0
 105
 43
 10
 841
 54
 2
 76
 0
 19
 0
 12
 9
 237
 43
 699
 0
 291
 0
 3
 0
 17
 1
 13
 6
 7
 815
 33
 52
 21
 16
 15
 0
 18
 24
 22
 0
 68
 0
 1
 0
 0
 0
 0
 0
 0
 109
 0
 845
 6
 40
 25
 1
 24
 6
 14
 11
 50
 0
 927
 1
 0
 0
 0
 1
 0
 62
 0
 103
 1
 943
 0
 0
 0
 0
 0
 0
 0
 0
 0
 0
 808
 5
 29
 52
 1
 0
 245
 0
 2
 0
 8
 928
 2
 15
 6
 1
 4
 0
 1
 0
 16
 14
 675
 12
 185
 0
 219
 0
 18
 0
 101
 42
 10
 842
 49
 2
 72
 0
 20
 0
 9
 9
 221
 35
 714
 0
 283
 0
 3
 0
 11
 1
 12
 3
 7
 838
 29
 49
 20
 16
 20
 0
 30
 34
 26
 0
 97
 0
 2
 0
 0
 0
 0
 0
 0
 95
 0
 853
 6
 39
 27
 1
 21
 6
 12
 11
 51
 0
 927
 1
 0
 0
 0
 1
 0
 53
 0
 98
 1
 944
 0
 0
 0
 0
 0
 0
 0
 0
 0
 0
 811
 5
 26
 49
 1
 0
 243
 0
 2
 0
 7
 930
 2
 15
 6
 1
 6
 0
 1
 0
 19
 14
 677
 12
 160
 0
 202
 0
 18
 0
 100
 41
 11
 843
 46
 2
 65
 0
 18
 0
 7
 8
 214
 32
 737
 0
 279
 0
 2
 0
 9
 1
 10
 2
 6
 850
 24
 48
 19
 15
 20
 0
 40
 40
 33
 0
 132
 0
 4
 0
 0
 0
 0
 0
 0
 89
 0
 856
 6
 40
 27
 1
 20
 6
 11
 10
 49
 0
 929
 1
 0
 0
 0
 1
 0
 48
 0
 96
 1
 944
 0
 0
 0
 0
 0
 0
 0
 0
 0
 0
 813
 4
 26
 48
 1
 0
 246
 0
 2
 0
 6
 931
 2
 15
 5
 0
 6
 0
 1
 0
 19
 14
 683
 11
 139
 0
 184
 0
 17
 0
 98
 41
 10
 841
 47
 3
 62
 0
 17
 0
 7
 8
 210
 34
 758
 0
 266
 0
 2
 0
 9
 0
 8
 2
 6
 862
 19
 48
 17
 16
 22
 0
 41
 42
 34
 0
 168
 0
 5
 0
 0
 0
 0
 0
 0
 77
 0
 858
 6
 42
 26
 2
 20
 6
 10
 10
 49
 0
 932
 1
 0
 0
 0
 1
 0
 48
 0
 94
 1
 941
 0
 0
 0
 0
 0
 0
 0
 0
 0
 0
 816
 5
 24
 46
 1
 0
 245
 0
 3
 0
 7
 931
 2
 15
 5
 0
 6
 0
 1
 0
 20
 14
 687
 11
 124
 0
 163
 0
 16
 0
 92
 40
 10
 844
 44
 3
 59
 0
 14
 0
 7
 8
 197
 33
 766
 0
 248
 0
 1
 0
 7
 0
 7
 2
 5
 873
 15
 50
 17
 16
 26
 0
 55
 42
 47
 0
 216
 0
 7
 0
 0
 0
 0
 0
 0
 69
 0
 860
 6
 42
 25
 2
 18
 6
 8
 10
 48
 0
 934
 1
 0
 0
 0
 1
 0
 45
 0
 90
 1
 941
 0
 0
 0
 0
 0
 0
 0
 0
 0
 0
 818
 4
 24
 43
 1
 0
 243
 0
 3
 0
 7
 932
 2
 15
 5
 0
 7
 0
 1
 0
 20
 14
 682
 12
 109
 0
 157
 0
 14
 0
 89
 39
 10
 844
 43
 3
 58
 0
 13
 0
 7
 9
 193
 34
 774
 0
 216
 0
 1
 0
 6
 0
 5
 3
 4
 872
 12
 52
 17
 16
 27
 0
 66
 42
 56
 0
 259
 0
 10
 0
 0
 0
 0
 0
 0
 71
 0
 861
 5
 43
 25
 2
 18
 6
 8
 9
 48
 0
 935
 1
 1
 0
 0
 1
 0
 45
 0
 87
 1
 940
 0
 0
 0
 0
 0
 0
 0
 0
 0
 0
 814
 5
 23
 41
 1
 0
 240
 0
 2
 0
 7
 932
 2
 15
 5
 0
 7
 0
 1
 0
 20
 13
 685
 12
 98
 0
 152
 0
 14
 0
 87
 37
 10
 850
 42
 2
 57
 0
 13
 0
 7
 11
 183
 33
 778
 0
 195
 0
 1
 0
 6
 0
 5
 2
 4
 875
 12
 50
 16
 15
 34
 0
 74
 40
 64
 0
 291
 0
 13
 0
 0
 0
 0
 0
 0
 68
 0
 866
 5
 45
 24
 2
 18
 6
 8
 9
 46
 0
 934
 1
 1
 0
 0
 1
 0
 46
 0
 84
 1
 939
 0
 0
 0
 0
 0
 0
 0
 0
 0
 0
 816
 5
 21
 41
 1
 0
 236
 0
 2
 0
 7
 931
 3
 16
 5
 0
 7
 0
 1
 0
 19
 14
 690
 14
 93
 0
 149
 0
 14
 0
 81
 38
 10
 848
 42
 2
 58
 0
 13
 0
 7
 10
 180
 33
 778
 0
 180
 0
 1
 0
 5
 0
 4
 2
 4
 878
 12
 49
 16
 15
 39
 0
 74
 39
 69
 0
 312
 0
 13
 0
 0
 0
 0
 0
 0
 66
 0
 867
 5
 45
 25
 2
 18
 6
 8
 9
 46
 0
 934
 1
 1
 0
 0
 1
 0
 45
 0
 84
 1
 939
 0
 0
 0
 0
 0
 0
 0
 0
 0
 0
 814
 5
 22
 42
 1
 0
 233
 0
 2
 0
 7
 931
 3
 16
 5
 0
 7
 0
 1
 0
 19
 14
 690
 14
 90
 0
 146
 0
 13
 0
 80
 38
 10
 846
 41
 2
 56
 0
 13
 0
 7
 10
 176
 33
 778
 0
 160
 0
 1
 0
 5
 0
 3
 2
 4
 879
 10
 50
 13
 14
 43
 0
 79
 40
 73
 0
 344
 0
 15
 0
 0
 0
 0
 0
 0
 66
 0
 868
 5
 45
 24
 2
 17
 6
 8
 9
 44
 0
 936
 1
 1
 0
 0
 1
 0
 44
 0
 82
 1
 940
 0
 0
 0
 0
 0
 0
 0
 0
 0
 0
 817
 5
 22
 41
 1
 0
 230
 0
 2
 0
 7
 931
 2
 16
 5
 0
 7
 0
 1
 0
 18
 14
 694
 15
 87
 0
 141
 0
 13
 0
 76
 38
 10
 848
 40
 3
 56
 0
 13
 0
 7
 10
 169
 33
 778
 0
 149
 0
 1
 0
 5
 0
 3
 2
 3
 876
 8
 48
 11
 15
 45
 0
 83
 38
 78
 0
 366
 0
 15
 0
 0
 0
 0
 0
 0
 67
 0
 872
 5
 45
 24
 2
 17
 6
 8
 10
 43
 0
 938
 1
 1
 0
 0
 1
 0
 44
 0
 80
 1
 939
 0
 0
 0
 0
 0
 0
 0
 0
 0
 0
 819
 5
 21
 41
 1
 0
 226
 0
 2
 0
 6
 932
 2
 16
 5
 0
 7
 0
 1
 0
 18
 13
 699
 17
 87
 0
 139
 0
 13
 0
 74
 37
 10
 848
 40
 3
 55
 0
 13
 0
 8
 11
 166
 35
 777
 0
 142
 0
 1
 0
 5
 0
 3
 2
 3
 877
 8
 46
 10
 15
 45
 0
 82
 34
 79
 0
 384
 0
 15
 0
 0
 0
 0
 0
 0
 66
 0
 877
 5
 45
 24
 2
 17
 6
 8
 10
 39
 0
 939
 1
 1
 0
 0
 1
 0
 44
 0
 77
 1
 939
 0
 0
 0
 0
 0
 0
 0
 0
 0
 0
 815
 5
 21
 38
 0
 0
 222
 0
 2
 0
 6
 935
 2
 16
 5
 0
 7
 0
 1
 0
 18
 13
 702
 17
 89
 0
 138
 0
 13
 0
 72
 34
 11
 851
 39
 3
 55
 0
 12
 0
 8
 11
 161
 36
 777
 0
 135
 0
 2
 0
 5
 0
 3
 2
 2
 880
 8
 46
 9
 16
 51
 0
 83
 33
 80
 0
 396
 0
 15
 0
 0
 0
 0
 0
 0
 65
 0
 877
 5
 46
 24
 2
 17
 6
 8
 9
 39
 0
 940
 1
 1
 0
 0
 1
 0
 43
 0
 77
 1
 937
 0
 0
 0
 0
 0
 0
 0
 0
 0
 0
 818
 5
 21
 38
 0
 0
 218
 0
 2
 0
 6
 936
 2
 16
 5
 0
 7
 0
 1
 0
 17
 13
 706
 17
 91
 0
 136
 0
 13
 0
 69
 33
 11
 852
 37
 3
 54
 0
 12
 0
 8
 11
 157
 35
 773
 0
 130
 0
 2
 0
 5
 0
 2
 2
 1
 881
 7
 46
 9
 16
 53
 0
 84
 33
 87
 0
 409
 0
 15
 0
 0
 0
 0
 0
 0
 65
 0
 877
 5
 45
 23
 2
 17
 6
 6
 8
 39
 0
 940
 1
 1
 0
 0
 1
 0
 43
 0
 77
 1
 938
 0
 0
 0
 0
 0
 0
 0
 0
 0
 0
 815
 5
 21
 38
 0
 0
 215
 0
 2
 0
 6
 936
 2
 15
 5
 0
 6
 0
 1
 0
 17
 13
 710
 17
 90
 0
 137
 0
 15
 0
 68
 33
 12
 852
 36
 2
 54
 0
 11
 0
 8
 11
 154
 35
 773
 0
 125
 0
 2
 0
 5
 0
 2
 2
 1
 882
 6
 45
 9
 16
 57
 0
 82
 34
 89
 0
 419
 0
 14
 0
 0
 0
 0
 0
 0
 66
 0
 878
 5
 46
 23
 2
 17
 6
 6
 7
 38
 0
 940
 1
 1
 0
 0
 1
 0
 43
 0
 77
 1
 937
 0
 0
 0
 0
 0
 0
 0
 0
 0
 0
 818
 5
 21
 38
 0
 0
 214
 0
 1
 0
 6
 936
 2
 16
 5
 0
 5
 0
 1
 0
 17
 13
 713
 18
 93
 0
 136
 0
 15
 0
 63
 33
 11
 851
 35
 2
 52
 0
 11
 0
 8
 11
 154
 35
 770
 0
 123
 0
 2
 0
 5
 0
 2
 2
 1
 883
 5
 44
 9
 16
 60
 0
 81
 34
 90
 0
 428
 0
 15
 0
 0
 0
 0
 0
 0
 66
 0
 882
 5
 46
 22
 2
 16
 5
 6
 7
 37
 0
 940
 1
 1
 0
 0
 1
 0
 42
 0
 74
 1
 937
 0
 0
 0
 0
 0
 0
 0
 0
 0
 0
 819
 4
 21
 38
 0
 0
 206
 0
 1
 0
 6
 938
 2
 16
 5
 0
 5
 0
 1
 0
 18
 13
 716
 18
 94
 0
 137
 0
 15
 0
 62
 32
 11
 851
 35
 2
 56
 0
 11
 0
 8
 11
 153
 35
 766
 0
 119
 0
 2
 0
 5
 0
 2
 2
 1
 884
 4
 44
 9
 16
 59
 0
 81
 34
 93
 0
 437
 0
 15
 0
 0
 0
 0
 0
 0
 65
 0
 883
 5
 45
 22
 2
 14
 5
 6
 7
 36
 0
 940
 1
 1
 0
 0
 1
 0
 42
 0
 73
 1
 938
 0
 0
 0
 0
 0
 0
 0
 0
 0
 0
 822
 3
 21
 38
 0
 0
 205
 0
 1
 0
 5
 939
 1
 16
 4
 0
 5
 0
 1
 0
 17
 13
 722
 17
 94
 0
 136
 0
 14
 0
 60
 32
 12
 852
 37
 2
 54
 0
 11
 0
 8
 11
 150
 35
 766
 0
 118
 0
 2
 0
 5
 0
 2
 2
 1
 885
 4
 44
 9
 16
 61
 0
 78
 34
 91
 0
 444
 0
 15
 0
 0
 0
 0
 0
 0
 64
 0
 885
 5
 45
 21
 2
 14
 5
 7
 7
 34
 0
 941
 1
 1
 0
 0
 1
 0
 42
 0
 71
 1
 938
 0
 0
 0
 0
 0
 0
 0
 0
 0
 0
 823
 3
 20
 37
 0
 0
 203
 0
 1
 0
 5
 939
 1
 16
 4
 0
 5
 0
 1
 0
 17
 13
 722
 16
 97
 0
 134
 0
 14
 0
 58
 32
 12
 854
 37
 2
 55
 0
 11
 0
 8
 11
 151
 35
 767
 0
 115
 0
 2
 0
 5
 0
 2
 2
 1
 884
 3
 42
 9
 16
 64
 0
 78
 34
 87
 0
 452
 0
 15
 0
 0
 0
 0
 0
 0
 65
 0
 888
 5
 45
 19
 2
 14
 5
 7
 7
 33
 0
 941
 1
 1
 0
 0
 1
 0
 42
 0
 70
 1
 938
 0
 0
 0
 0
 0
 0
 0
 0
 0
 0
 823
 3
 20
 36
 0
 0
 201
 0
 2
 0
 5
 939
 1
 16
 3
 0
 5
 0
 1
 0
 17
 13
 724
 17
 97
 0
 130
 0
 12
 0
 56
 33
 12
 854
 37
 2
 52
 0
 11
 0
 8
 10
 149
 36
 766
 0
 115
 0
 2
 0
 5
 0
 2
 2
 1
 884
 3
 41
 9
 17
 66
 0
 79
 33
 89
 0
 462
 0
 16
 0
 0
 0
 0
 0
 0
 65
 0
 891
 5
 44
 19
 2
 13
 5
 7
 7
 32
 0
 941
 1
 1
 0
 0
 1
 0
 42
 0
 68
 1
 938
 0
 0
 0
 0
 0
 0
 0
 0
 0
 0
 824
 3
 19
 37
 0
 0
 201
 0
 2
 0
 5
 940
 1
 16
 2
 0
 5
 0
 1
 0
 14
 13
 724
 17
 97
 0
 131
 0
 12
 0
 56
 32
 12
 851
 37
 2
 50
 0
 11
 0
 8
 10
 149
 39
 767
 0
 116
 0
 2
 0
 5
 0
 2
 2
 1
 886
 3
 41
 9
 16
 68
 0
 80
 33
 89
 0
 463
 0
 16
 0
 0
 0
 0
 0
 0
 64
 0
 895
 4
 44
 19
 2
 13
 4
 7
 6
 31
 0
 942
 1
 1
 0
 0
 1
 0
 42
 0
 64
 1
 939
 0
 0
 0
 0
 0
 0
 0
 0
 0
 0
 825
 4
 19
 39
 0
 0
 202
 0
 2
 0
 5
 939
 1
 15
 2
 0
 5
 0
 1
 0
 14
 13
 726
 16
 96
 0
 132
 0
 12
 0
 55
 32
 12
 851
 37
 2
 47
 0
 11
 0
 8
 10
 149
 40
 769
 0
 115
 0
 2
 0
 5
 0
 2
 1
 1
 886
 3
 41
 9
 15
 69
 0
 78
 34
 88
 0
 465
 0
 16
 0
 0
 0
 0
 0
 0
 64
 0
 897
 4
 44
 18
 2
 13
 3
 7
 6
 31
 0
 942
 1
 1
 0
 0
 1
 0
 42
 0
 62
 1
 940
 0
 0
 0
 0
 0
 0
 0
 0
 0
 0
 826
 4
 19
 39
 0
 0
 197
 0
 2
 0
 5
 939
 1
 15
 2
 0
 5
 0
 1
 0
 14
 13
 726
 16
 100
 0
 132
 0
 11
 0
 54
 32
 12
 851
 37
 2
 48
 0
 11
 0
 8
 10
 149
 39
 767
 0
 114
 0
 2
 0
 5
 0
 2
 1
 1
 889
 3
 41
 8
 15
 70
 0
 78
 35
 86
 0
 470
 0
 16
 0
 0
 0
 0
 0
 0
 64
 0
 897
 4
 44
 17
 2
 13
 3
 7
 6
 31
 0
 944
 1
 1
 0
 0
 1
 0
 39
 0
 62
 1
 940
 0
 0
 0
 0
 0
 0
 0
 0
 0
 0
 825
 4
 19
 39
 0
 0
 196
 0
 2
 0
 5
 940
 1
 15
 2
 0
 5
 0
 1
 0
 14
 13
 730
 16
 99
 0
 133
 0
 11
 0
 54
 32
 12
 851
 37
 2
 46
 0
 10
 0
 8
 9
 146
 39
 767
 0
 115
 0
 2
 0
 5
 0
 2
 1
 1
 889
 3
 41
 8
 15
 72
 0
 77
 35
 87
 0
 471
 0
 16
 0
 0
 0
 0
 0
 0
 64
 0
 898
 4
 43
 16
 2
 13
 3
 7
 6
 31
 0
 945
 1
 1
 0
 0
 1
 0
 39
 0
 61
 1
 941
 0
 0
 0
 0
 0
 0
 0
 0
 0
 0
 826
 3
 20
 39
 0
 0
 194
 0
 2
 0
 4
 941
 1
 15
 2
 0
 5
 0
 1
 0
 14
 12
 731
 16
 101
 0
 131
 0
 11
 0
 54
 33
 12
 852
 38
 2
 46
 0
 10
 0
 7
 9
 146
 39
 765
 0
 115
 0
 2
 0
 5
 0
 2
 1
 1
 890
 3
 41
 8
 16
 72
 0
 76
 34
 86
 0
 475
 0
 16
 0
 0
 0
 0
 0
 0
 64
 0
 899
 4
 43
 17
 2
 12
 3
 7
 6
 31
 0
 945
 1
 1
 0
 0
 1
 0
 38
 0
 60
 1
 940
 0
 0
 0
 0
 0
 0
 0
 0
 0
 0
 829
 3
 21
 38
 0
 0
 193
 0
 2
 0
 4
 941
 1
 15
 2
 0
 5
 0
 1
 0
 13
 12
 732
 16
 100
 0
 130
 0
 11
 0
 53
 33
 12
 853
 37
 2
 46
 0
 10
 0
 7
 9
 143
 39
 767
 0
 115
 0
 2
 0
 5
 0
 2
 1
 1
 893
 3
 41
 8
 16
 72
 0
 77
 34
 86
 0
 477
 0
 16
 0
 0
 0
 0
 0
 0
 63
 0
 901
 4
 44
 16
 2
 12
 3
 7
 6
 31
 0
 945
 1
 1
 0
 0
 1
 0
 36
 0
 58
 1
 939
 0
 0
 0
 0
 0
 0
 0
 0
 0
 0
 829
 4
 21
 37
 0
 0
 191
 0
 2
 0
 4
 942
 1
 15
 2
 0
 5
 0
 1
 0
 13
 11
 731
 16
 99
 0
 131
 0
 11
 0
 52
 33
 12
 854
 38
 2
 45
 0
 10
 0
 7
 8
 143
 38
 769
 0
 112
 0
 2
 0
 5
 0
 2
 1
 1
 894
 1
 41
 8
 16
 73
 0
 78
 35
 84
 0
 483
 0
 16
 0
 0
 0
 0
 0
 0
 62
 0
 902
 4
 43
 16
 2
 12
 3
 7
 6
 32
 0
 945
 1
 1
 0
 0
 1
 0
 36
 0
 57
 1
 940
 0
 0
 0
 0
 0
 0
 0
 0
 0
 0
 828
 4
 21
 37
 0
 0
 185
 0
 2
 0
 4
 942
 1
 15
 2
 0
 5
 0
 1
 0
 14
 11
 732
 16
 98
 0
 130
 0
 10
 0
 52
 33
 12
 854
 38
 2
 45
 0
 10
 0
 7
 8
 144
 40
 770
 0
 113
 0
 2
 0
 5
 0
 2
 1
 1
 895
 1
 39
 8
 16
 73
 0
 77
 33
 85
 0
 489
 0
 17
 0
 0
 0
 0
 0
 0
 61
 0
 905
 4
 42
 16
 2
 11
 3
 6
 6
 32
 0
 945
 1
 1
 0
 0
 1
 0
 36
 0
 56
 1
 941
 0
 0
 0
 0
 0
 0
 0
 0
 0
 0
 827
 4
 21
 39
 0
 0
 183
 0
 3
 0
 4
 942
 1
 16
 2
 0
 5
 0
 1
 0
 14
 11
 734
 16
 97
 0
 130
 0
 9
 0
 51
 33
 12
 853
 38
 2
 44
 0
 10
 0
 7
 7
 143
 40
 772
 0
 112
 0
 2
 0
 5
 0
 2
 0
 1
 895
 1
 39
 7
 15
 75
 1
 76
 32
 84
 0
 493
 0
 19
 0
 0
 0
 0
 0
 0
 61
 0
 906
 4
 42
 16
 2
 11
 3
 6
 6
 32
 0
 944
 1
 1
 0
 0
 1
 0
 36
 0
 55
 1
 942
 0
 0
 0
 0
 0
 0
 0
 0
 0
 0
 827
 4
 21
 39
 0
 0
 184
 0
 2
 0
 4
 942
 1
 16
 2
 0
 3
 0
 1
 0
 16
 11
 734
 16
 97
 0
 128
 0
 9
 0
 50
 33
 12
 853
 38
 2
 46
 0
 10
 0
 7
 7
 142
 40
 773
 0
 112
 0
 2
 0
 5
 0
 2
 0
 1
 895
 1
 39
 6
 15
 74
 1
 77
 32
 83
 0
 494
 0
 20
 0
 0
 0
 0
 0
 0
 62
 0
 905
 4
 42
 16
 2
 11
 3
 6
 6
 32
 0
 945
 1
 1
 0
 0
 1
 0
 35
 0
 56
 1
 942
 0
 0
 0
 0
 0
 0
 0
 0
 0
 0
 827
 4
 22
 39
 0
 0
 183
 0
 2
 0
 4
 942
 1
 16
 2
 0
 3
 0
 1
 0
 16
 11
 737
 16
 98
 0
 125
 0
 10
 0
 50
 33
 11
 854
 38
 2
 46
 0
 10
 0
 7
 7
 139
 40
 773
 0
 111
 0
 2
 0
 5
 0
 2
 0
 1
 895
 1
 39
 6
 15
 74
 1
 76
 31
 83
 0
 499
 0
 18
 0
 0
 0
 0
 0
 0
 61
 0
 906
 4
 42
 16
 2
 12
 3
 5
 7
 32
 0
 946
 1
 1
 0
 0
 1
 0
 35
 0
 55
 1
 942
 0
 0
 0
 0
 0
 0
 0
 0
 0
 0
 826
 4
 22
 38
 0
 0
 183
 0
 2
 0
 4
 943
 1
 16
 2
 0
 3
 0
 1
 0
 15
 11
 737
 16
 98
 0
 123
 0
 11
 0
 50
 32
 11
 854
 38
 2
 44
 0
 10
 0
 7
 7
 139
 41
 773
 0
 109
 0
 2
 0
 5
 0
 2
 0
 1
 895
 1
 38
 6
 15
 76
 1
 76
 31
 83
 0
 505
 0
 17
 0
 0
 0
 0
 0
 0
 61
 0
 907
 4
 41
 16
 2
 12
 3
 5
 7
 32
 0
 946
 1
 1
 0
 0
 1
 0
 35
 0
 55
 1
 943
 0
 0
 0
 0
 0
 0
 0
 0
 0
 0
 827
 4
 22
 36
 0
 0
 178
 0
 2
 0
 4
 943
 1
 15
 2
 0
 3
 0
 1
 0
 15
 11
 738
 16
 100
 0
 123
 0
 11
 0
 49
 32
 11
 855
 37
 2
 44
 0
 10
 0
 7
 7
 139
 41
 773
 0
 108
 0
 2
 0
 5
 0
 2
 0
 1
 897
 1
 38
 5
 15
 76
 1
 75
 33
 82
 0
 511
 0
 17
 0
 0
 0
 0
 0
 0
 60
 0
 908
 4
 41
 16
 2
 12
 3
 5
 7
 32
 0
 947
 1
 1
 0
 0
 1
 0
 34
 0
 54
 1
 943
 0
 0
 0
 0
 0
 0
 0
 0
 0
 0
 827
 4
 22
 35
 0
 0
 177
 0
 2
 0
 4
 943
 1
 15
 2
 0
 3
 0
 1
 0
 15
 11
 738
 18
 100
 0
 124
 0
 11
 0
 49
 32
 11
 857
 37
 2
 43
 0
 10
 0
 7
 6
 139
 40
 773
 0
 109
 0
 2
 0
 5
 0
 2
 0
 1
 897
 1
 36
 5
 15
 76
 2
 75
 31
 82
 0
 511
 0
 17
 0
 0
 0
 0
 0
 0
 60
 0
 910
 4
 40
 16
 2
 12
 3
 5
 7
 32
 0
 947
 1
 1
 0
 0
 1
 0
 34
 0
 54
 1
 944
 0
 0
 0
 0
 0
 0
 0
 0
 0
 0
 828
 4
 22
 35
 0
 0
 176
 0
 2
 0
 4
 943
 1
 15
 2
 0
 2
 0
 1
 0
 15
 11
 738
 18
 99
 0
 123
 0
 11
 0
 49
 32
 11
 857
 37
 2
 43
 0
 10
 0
 7
 6
 139
 40
 774
 0
 110
 0
 2
 0
 5
 0
 2
 0
 1
 897
 1
 37
 5
 14
 75
 2
 75
 31
 82
 0
 513
 0
 17
 0
 0
 0
 0
 0
 0
 60
 0
 909
 4
 39
 16
 2
 12
 3
 5
 7
 32
 0
 947
 1
 1
 0
 0
 1
 0
 34
 0
 54
 1
 946
 0
 0
 0
 0
 0
 0
 0
 0
 0
 0
 829
 4
 22
 35
 0
 0
 175
 0
 2
 0
 4
 943
 1
 15
 2
 0
 2
 0
 1
 0
 15
 11
 739
 18
 100
 0
 123
 0
 11
 0
 47
 32
 10
 856
 37
 2
 41
 0
 10
 0
 7
 6
 139
 40
 773
 0
 109
 0
 2
 0
 5
 0
 2
 0
 1
 898
 1
 37
 5
 14
 76
 2
 75
 32
 82
 0
 517
 0
 17
 0
 0
 0
 0
 0
 0
 59
 0
 909
 4
 39
 16
 2
 12
 3
 5
 7
 32
 0
 947
 1
 1
 0
 0
 1
 0
 34
 0
 54
 1
 946
 0
 0
 0
 0
 0
 0
 0
 0
 0
 0
 830
 4
 22
 35
 0
 0
 175
 0
 2
 0
 4
 943
 1
 13
 2
 0
 2
 0
 1
 0
 15
 11
 738
 18
 101
 0
 123
 0
 11
 0
 47
 32
 10
 857
 37
 2
 42
 0
 9
 0
 7
 6
 141
 41
 773
 0
 108
 0
 2
 0
 5
 0
 2
 0
 1
 898
 1
 37
 5
 15
 75
 2
 74
 32
 81
 0
 517
 0
 17
 0
 0
 0
 0
 0
 0
 59
 0
 909
 4
 37
 16
 2
 12
 3
 5
 7
 32
 0
 948
 1
 1
 0
 0
 1
 0
 34
 0
 54
 1
 947
 0
 0
 0
 0
 0
 0
 0
 0
 0
 0
 830
 4
 22
 34
 0
 0
 173
 0
 2
 0
 4
 943
 1
 13
 1
 0
 2
 0
 1
 0
 15
 11
 739
 18
 102
 0
 122
 0
 11
 0
 47
 32
 10
 858
 37
 2
 42
 0
 9
 0
 7
 6
 140
 41
 773
 0
 108
 0
 2
 0
 5
 0
 2
 0
 1
 899
 1
 36
 4
 15
 75
 2
 74
 32
 81
 0
 520
 0
 17
 0
 0
 0
 0
 0
 0
 58
 0
 911
 4
 37
 16
 2
 12
 3
 5
 7
 32
 0
 949
 1
 1
 0
 0
 1
 0
 34
 0
 53
 1
 947
 0
 0
 0
 0
 0
 0
 0
 0
 0
 0
 828
 4
 21
 34
 0
 0
 173
 0
 2
 0
 4
 944
 1
 13
 1
 0
 2
 0
 1
 0
 15
 10
 742
 18
 102
 0
 120
 0
 11
 0
 47
 32
 10
 857
 37
 2
 41
 0
 9
 0
 7
 6
 140
 42
 775
 0
 110
 0
 2
 0
 5
 0
 2
 0
 1
 899
 1
 36
 4
 15
 78
 2
 72
 32
 79
 0
 521
 0
 17
 0
 0
 0
 0
 0
 0
 58
 0
 911
 4
 38
 15
 2
 12
 3
 5
 7
 32
 0
 949
 1
 1
 0
 0
 1
 0
 34
 0
 53
 1
 946
 0
 0
 0
 0
 0
 0
 0
 0
 0
 0
 827
 4
 21
 34
 0
 0
 171
 0
 2
 0
 4
 945
 1
 13
 1
 0
 2
 0
 1
 0
 15
 10
 743
 18
 100
 0
 120
 0
 11
 0
 48
 31
 10
 856
 38
 2
 41
 0
 9
 0
 6
 6
 140
 43
 776
 0
 110
 0
 2
 0
 5
 0
 2
 0
 1
 900
 1
 36
 4
 15
 79
 2
 71
 32
 79
 0
 523
 0
 17
 0
 0
 0
 0
 0
 0
 58
 0
 911
 4
 39
 15
 2
 12
 3
 5
 7
 32
 0
 949
 1
 1
 0
 0
 1
 0
 33
 0
 53
 1
 945
 0
 0
 0
 0
 0
 0
 0
 0
 0
 0
 830
 4
 21
 35
 0
 0
 172
 0
 1
 0
 4
 945
 1
 13
 1
 0
 2
 0
 1
 0
 15
 10
 745
 18
 101
 0
 120
 0
 11
 0
 46
 31
 10
 855
 38
 2
 41
 0
 9
 0
 6
 6
 138
 43
 777
 0
 109
 0
 2
 0
 5
 0
 2
 0
 1
 901
 1
 35
 4
 15
 78
 2
 71
 32
 77
 0
 524
 0
 17
 0
 0
 0
 0
 0
 0
 57
 0
 912
 4
 39
 15
 2
 12
 3
 5
 7
 31
 0
 950
 1
 1
 0
 0
 1
 0
 33
 0
 53
 1
 945
 0
 0
 0
 0
 0
 0
 0
 0
 0
 0
 830
 4
 21
 35
 0
 0
 172
 0
 1
 0
 4
 945
 1
 12
 1
 0
 2
 0
 1
 0
 15
 10
 748
 18
 101
 0
 122
 0
 11
 0
 47
 31
 9
 856
 38
 2
 41
 0
 8
 0
 6
 6
 139
 43
 778
 0
 107
 0
 2
 0
 5
 0
 2
 0
 1
 902
 1
 35
 4
 15
 77
 2
 68
 32
 76
 0
 524
 0
 17
 0
 0
 0
 0
 0
 0
 57
 0
 913
 4
 39
 15
 2
 12
 3
 5
 7
 31
 0
 951
 1
 1
 0
 0
 1
 0
 32
 0
 52
 1
 945
 0
 0
 0
 0
 0
 0
 0
 0
 0
 0
 831
 4
 21
 35
 0
 0
 173
 0
 1
 0
 5
 945
 1
 12
 1
 0
 2
 0
 1
 0
 15
 10
 747
 18
 100
 0
 122
 0
 11
 0
 45
 31
 9
 856
 39
 2
 40
 0
 8
 0
 6
 6
 140
 43
 779
 0
 106
 0
 2
 0
 4
 0
 2
 0
 1
 902
 1
 35
 4
 15
 78
 2
 68
 32
 75
 0
 525
 0
 16
 0
 0
 0
 0
 0
 0
 57
 0
 914
 4
 40
 15
 2
 12
 3
 5
 7
 31
 0
 952
 1
 1
 0
 0
 1
 0
 32
 0
 51
 1
 944
 0
 0
 0
 0
 0
 0
 0
 0
 0
 0


