# Created by Octave 6.2.0, Sat May 22 12:49:29 2021 GMT <unknown@DESKTOP-PM2CTTO>
# name: confMatrix1
# type: matrix
# ndims: 3
 10 11 50
 4783
 4
 70
 174
 8
 4
 1054
 0
 7
 0
 8
 5645
 3
 49
 7
 1
 12
 0
 3
 0
 76
 50
 3859
 58
 251
 1
 618
 0
 23
 1
 561
 228
 65
 5280
 221
 6
 340
 0
 79
 2
 71
 38
 1397
 285
 5072
 1
 911
 0
 48
 0
 41
 4
 34
 11
 16
 5358
 56
 295
 68
 130
 328
 23
 494
 117
 380
 5
 2835
 0
 95
 2
 1
 0
 1
 0
 0
 394
 5
 5360
 27
 323
 125
 7
 77
 25
 44
 43
 168
 10
 5643
 2
 6
 1
 0
 1
 1
 187
 1
 335
 7
 5540
 0
 0
 0
 0
 0
 0
 0
 0
 0
 0
 4716
 4
 53
 130
 7
 5
 902
 0
 7
 0
 8
 5679
 3
 47
 9
 2
 12
 0
 4
 0
 90
 45
 4025
 60
 272
 0
 607
 0
 25
 0
 550
 207
 60
 5354
 223
 6
 296
 0
 77
 2
 59
 26
 1230
 256
 5010
 1
 741
 0
 47
 0
 28
 2
 26
 5
 10
 5427
 33
 255
 58
 128
 444
 31
 537
 124
 432
 1
 3251
 0
 98
 1
 0
 0
 2
 0
 0
 362
 4
 5464
 28
 320
 101
 6
 64
 23
 36
 34
 153
 11
 5650
 2
 4
 0
 0
 1
 1
 162
 1
 270
 6
 5547
 0
 0
 0
 0
 0
 0
 0
 0
 0
 0
 4741
 2
 40
 122
 7
 4
 851
 0
 9
 0
 9
 5699
 4
 46
 9
 0
 15
 0
 3
 0
 97
 46
 4161
 62
 277
 0
 603
 0
 24
 0
 518
 200
 62
 5372
 221
 7
 279
 0
 67
 2
 56
 25
 1123
 240
 4998
 1
 665
 0
 44
 0
 21
 2
 19
 4
 7
 5468
 25
 216
 42
 120
 449
 18
 531
 133
 449
 1
 3408
 0
 82
 0
 2
 1
 3
 0
 0
 338
 4
 5536
 29
 305
 102
 7
 57
 20
 31
 32
 149
 11
 5694
 4
 5
 0
 0
 1
 1
 149
 1
 237
 6
 5569
 0
 0
 0
 0
 0
 0
 0
 0
 0
 0
 4807
 3
 45
 129
 5
 4
 857
 0
 9
 0
 11
 5709
 2
 47
 8
 0
 19
 0
 3
 0
 92
 45
 4229
 62
 284
 0
 582
 0
 27
 0
 465
 195
 59
 5364
 211
 6
 267
 0
 59
 2
 50
 25
 1067
 238
 5019
 2
 633
 0
 41
 0
 19
 2
 16
 4
 5
 5490
 19
 192
 36
 114
 453
 14
 518
 135
 438
 1
 3471
 0
 69
 0
 1
 1
 3
 0
 0
 326
 3
 5578
 26
 298
 97
 6
 61
 20
 29
 29
 148
 13
 5725
 4
 5
 0
 0
 1
 1
 142
 1
 217
 5
 5582
 0
 0
 0
 0
 0
 0
 0
 0
 0
 0
 4863
 3
 48
 133
 4
 4
 878
 0
 12
 0
 11
 5716
 3
 49
 8
 0
 20
 0
 2
 0
 101
 39
 4293
 56
 287
 0
 566
 0
 26
 0
 431
 194
 52
 5372
 195
 4
 244
 0
 49
 2
 49
 29
 1025
 239
 5070
 1
 628
 0
 42
 0
 15
 2
 14
 3
 4
 5515
 14
 178
 29
 110
 438
 11
 499
 131
 406
 0
 3505
 0
 61
 1
 1
 1
 3
 0
 0
 314
 2
 5595
 25
 295
 88
 5
 63
 17
 25
 28
 142
 17
 5751
 4
 3
 0
 0
 0
 1
 134
 1
 210
 3
 5588
 0
 0
 0
 0
 0
 0
 0
 0
 0
 0
 4912
 5
 51
 136
 4
 4
 898
 0
 12
 0
 11
 5726
 2
 44
 8
 0
 20
 0
 2
 0
 105
 35
 4344
 56
 288
 0
 538
 0
 28
 0
 395
 183
 52
 5367
 183
 4
 231
 0
 45
 2
 56
 35
 999
 248
 5115
 1
 630
 0
 41
 0
 13
 2
 10
 2
 3
 5550
 10
 163
 28
 105
 420
 9
 480
 132
 374
 0
 3531
 0
 53
 2
 1
 1
 1
 0
 0
 298
 1
 5617
 26
 293
 84
 4
 61
 15
 24
 26
 140
 17
 5762
 2
 3
 0
 0
 0
 1
 117
 1
 203
 3
 5596
 0
 0
 0
 0
 0
 0
 0
 0
 0
 0
 4948
 7
 50
 139
 5
 4
 899
 0
 13
 0
 9
 5737
 2
 42
 10
 1
 18
 0
 2
 0
 102
 33
 4399
 51
 286
 0
 524
 0
 27
 0
 371
 177
 50
 5374
 179
 5
 217
 0
 43
 2
 60
 34
 966
 250
 5134
 1
 624
 0
 43
 0
 11
 1
 7
 1
 3
 5576
 4
 152
 26
 93
 412
 7
 463
 130
 360
 0
 3578
 0
 53
 2
 1
 1
 1
 0
 1
 276
 1
 5627
 26
 285
 83
 3
 62
 13
 21
 24
 134
 17
 5764
 2
 3
 0
 0
 0
 1
 113
 1
 204
 3
 5616
 0
 0
 0
 0
 0
 0
 0
 0
 0
 0
 4963
 9
 52
 136
 5
 5
 891
 0
 13
 0
 7
 5752
 2
 38
 10
 1
 17
 0
 2
 0
 101
 32
 4440
 49
 288
 0
 519
 0
 26
 0
 365
 161
 52
 5381
 180
 4
 212
 0
 39
 2
 62
 35
 942
 255
 5150
 1
 612
 0
 42
 0
 9
 1
 6
 1
 3
 5588
 2
 142
 23
 84
 409
 6
 445
 125
 342
 0
 3618
 0
 54
 2
 1
 1
 1
 0
 1
 268
 0
 5639
 26
 277
 80
 3
 60
 15
 20
 23
 128
 16
 5772
 2
 3
 0
 0
 0
 1
 110
 1
 203
 3
 5633
 0
 0
 0
 0
 0
 0
 0
 0
 0
 0
 4972
 11
 54
 136
 5
 5
 880
 0
 13
 0
 8
 5759
 2
 37
 10
 1
 18
 0
 2
 0
 104
 31
 4482
 49
 297
 0
 508
 0
 26
 0
 359
 156
 49
 5389
 182
 4
 205
 0
 37
 2
 59
 33
 917
 259
 5149
 1
 606
 0
 43
 0
 9
 1
 5
 0
 2
 5611
 1
 135
 19
 75
 408
 5
 433
 116
 334
 0
 3656
 0
 53
 2
 1
 1
 0
 0
 1
 250
 0
 5646
 24
 278
 78
 3
 58
 14
 19
 23
 125
 15
 5780
 2
 2
 0
 0
 0
 1
 105
 1
 204
 3
 5641
 0
 0
 0
 0
 0
 0
 0
 0
 0
 0
 4985
 11
 53
 134
 5
 5
 872
 0
 13
 1
 8
 5767
 2
 33
 9
 1
 19
 0
 2
 0
 106
 30
 4510
 49
 303
 0
 500
 0
 24
 0
 352
 151
 50
 5413
 185
 4
 202
 0
 36
 2
 56
 31
 894
 250
 5151
 1
 600
 0
 44
 0
 7
 1
 5
 0
 2
 5617
 1
 135
 18
 70
 407
 5
 429
 108
 326
 0
 3685
 0
 51
 2
 1
 1
 0
 0
 1
 247
 0
 5650
 22
 270
 76
 3
 57
 13
 18
 23
 120
 15
 5785
 2
 2
 0
 0
 0
 0
 102
 1
 200
 5
 5653
 0
 0
 0
 0
 0
 0
 0
 0
 0
 0
 4992
 11
 52
 129
 5
 5
 862
 0
 13
 0
 7
 5773
 2
 31
 9
 0
 18
 0
 2
 0
 108
 27
 4538
 49
 310
 0
 497
 0
 23
 0
 344
 149
 51
 5427
 186
 3
 202
 0
 35
 3
 58
 31
 884
 246
 5148
 1
 592
 0
 48
 0
 6
 1
 5
 0
 2
 5628
 1
 132
 18
 65
 408
 5
 411
 106
 323
 0
 3711
 0
 52
 2
 1
 0
 0
 0
 1
 241
 0
 5657
 22
 263
 74
 3
 57
 12
 16
 21
 116
 15
 5782
 4
 2
 0
 0
 0
 0
 101
 1
 196
 5
 5663
 0
 0
 0
 0
 0
 0
 0
 0
 0
 0
 5000
 11
 51
 124
 5
 5
 850
 0
 13
 0
 7
 5775
 2
 27
 8
 0
 17
 0
 2
 0
 110
 25
 4565
 47
 306
 0
 488
 0
 24
 0
 335
 150
 54
 5445
 187
 3
 198
 0
 35
 2
 58
 30
 859
 239
 5146
 0
 588
 0
 49
 0
 6
 1
 5
 1
 2
 5640
 1
 126
 18
 61
 408
 5
 409
 103
 329
 0
 3744
 0
 50
 1
 1
 0
 0
 1
 1
 232
 0
 5666
 22
 260
 73
 3
 55
 12
 16
 21
 113
 15
 5782
 4
 2
 0
 0
 1
 0
 99
 1
 193
 5
 5672
 0
 0
 0
 0
 0
 0
 0
 0
 0
 0
 5002
 11
 50
 122
 5
 4
 841
 0
 13
 0
 7
 5782
 3
 27
 8
 0
 16
 0
 2
 0
 107
 25
 4587
 46
 309
 0
 484
 0
 24
 0
 333
 144
 54
 5453
 188
 3
 198
 0
 34
 2
 56
 27
 845
 234
 5143
 0
 580
 0
 49
 0
 5
 1
 4
 1
 2
 5644
 1
 121
 16
 57
 414
 6
 404
 103
 328
 0
 3766
 0
 50
 1
 2
 0
 0
 1
 1
 228
 0
 5676
 22
 261
 72
 3
 53
 12
 16
 21
 113
 16
 5785
 4
 2
 1
 0
 1
 0
 100
 1
 187
 5
 5675
 0
 0
 0
 0
 0
 0
 0
 0
 0
 0
 5001
 11
 49
 120
 5
 4
 826
 0
 14
 1
 6
 5786
 3
 25
 8
 0
 16
 0
 2
 0
 107
 23
 4613
 47
 308
 0
 474
 1
 25
 0
 336
 144
 54
 5461
 185
 3
 198
 0
 32
 2
 56
 25
 830
 228
 5148
 0
 575
 0
 49
 0
 6
 1
 4
 1
 2
 5648
 1
 117
 15
 53
 416
 6
 396
 104
 327
 0
 3800
 0
 48
 0
 2
 0
 0
 1
 1
 224
 0
 5680
 21
 256
 69
 3
 51
 12
 16
 23
 109
 15
 5790
 4
 1
 1
 0
 1
 0
 98
 1
 187
 4
 5684
 0
 0
 0
 0
 0
 0
 0
 0
 0
 0
 5010
 11
 49
 115
 5
 4
 821
 0
 14
 1
 6
 5792
 3
 24
 7
 0
 17
 0
 2
 0
 107
 22
 4629
 46
 304
 0
 464
 1
 25
 0
 335
 141
 56
 5466
 186
 3
 198
 0
 32
 2
 53
 23
 817
 228
 5157
 0
 569
 0
 49
 0
 7
 1
 4
 1
 2
 5653
 1
 116
 13
 52
 409
 6
 393
 106
 322
 0
 3823
 0
 48
 0
 2
 0
 0
 1
 1
 220
 0
 5689
 20
 256
 70
 3
 49
 12
 16
 22
 106
 15
 5793
 4
 1
 1
 0
 1
 0
 98
 1
 179
 4
 5685
 0
 0
 0
 0
 0
 0
 0
 0
 0
 0
 5006
 11
 50
 112
 5
 4
 810
 0
 14
 1
 7
 5794
 3
 25
 7
 0
 17
 0
 2
 0
 107
 22
 4645
 44
 309
 0
 457
 1
 25
 0
 338
 141
 56
 5475
 185
 3
 197
 0
 32
 3
 51
 22
 801
 224
 5156
 0
 561
 0
 48
 0
 7
 1
 4
 1
 2
 5656
 1
 114
 13
 50
 411
 5
 392
 105
 321
 0
 3850
 0
 47
 0
 3
 0
 0
 1
 1
 217
 0
 5698
 19
 255
 69
 3
 49
 12
 14
 22
 106
 15
 5796
 4
 1
 1
 0
 1
 0
 98
 1
 172
 4
 5687
 0
 0
 0
 0
 0
 0
 0
 0
 0
 0
 5005
 11
 49
 111
 6
 4
 798
 0
 15
 1
 7
 5798
 3
 25
 7
 0
 17
 0
 2
 0
 107
 21
 4657
 42
 310
 0
 453
 1
 24
 0
 339
 138
 57
 5481
 183
 3
 201
 0
 32
 2
 50
 21
 792
 221
 5161
 0
 552
 0
 47
 1
 7
 1
 4
 1
 2
 5664
 1
 112
 13
 49
 411
 6
 391
 104
 316
 0
 3873
 0
 48
 0
 3
 0
 0
 1
 1
 210
 0
 5700
 19
 252
 69
 3
 47
 13
 14
 21
 104
 14
 5796
 4
 2
 1
 0
 1
 0
 98
 1
 173
 4
 5691
 0
 0
 0
 0
 0
 0
 0
 0
 0
 0
 5004
 11
 49
 109
 6
 3
 794
 0
 15
 1
 8
 5804
 3
 27
 7
 0
 17
 0
 2
 0
 105
 19
 4667
 42
 307
 0
 452
 1
 24
 0
 337
 134
 57
 5481
 184
 3
 201
 0
 32
 2
 50
 21
 785
 220
 5164
 0
 548
 0
 45
 1
 7
 1
 3
 1
 2
 5666
 1
 107
 12
 49
 416
 6
 389
 104
 314
 1
 3885
 0
 50
 0
 3
 0
 0
 2
 1
 211
 0
 5713
 19
 247
 69
 3
 47
 13
 15
 21
 101
 13
 5797
 4
 1
 1
 0
 1
 0
 95
 1
 166
 4
 5696
 0
 0
 0
 0
 0
 0
 0
 0
 0
 0
 5010
 10
 49
 110
 6
 3
 786
 0
 15
 1
 9
 5806
 3
 26
 7
 0
 17
 0
 2
 0
 106
 19
 4686
 40
 304
 0
 441
 1
 22
 0
 329
 134
 57
 5484
 186
 3
 199
 0
 32
 2
 48
 20
 769
 218
 5164
 0
 544
 0
 45
 1
 8
 1
 3
 1
 2
 5668
 1
 106
 12
 46
 418
 6
 387
 104
 316
 1
 3910
 0
 50
 0
 3
 0
 0
 2
 1
 210
 0
 5719
 19
 248
 68
 3
 46
 14
 14
 21
 101
 13
 5799
 4
 1
 1
 0
 1
 0
 94
 1
 161
 4
 5698
 0
 0
 0
 0
 0
 0
 0
 0
 0
 0
 5009
 10
 50
 110
 6
 2
 776
 0
 15
 1
 9
 5808
 3
 25
 7
 0
 16
 0
 2
 0
 106
 19
 4697
 40
 303
 0
 438
 1
 23
 0
 329
 132
 57
 5485
 184
 3
 198
 0
 32
 2
 47
 19
 760
 218
 5165
 0
 531
 0
 42
 0
 8
 1
 3
 1
 1
 5674
 1
 105
 13
 45
 420
 7
 385
 104
 320
 1
 3939
 0
 48
 0
 3
 0
 0
 2
 1
 209
 0
 5720
 19
 250
 68
 3
 45
 14
 13
 20
 100
 13
 5802
 4
 1
 1
 0
 1
 0
 91
 1
 161
 4
 5698
 0
 0
 0
 0
 0
 0
 0
 0
 0
 0
 5004
 11
 49
 108
 5
 2
 768
 0
 15
 1
 9
 5810
 4
 25
 7
 0
 16
 0
 2
 0
 105
 19
 4721
 40
 302
 0
 429
 1
 23
 0
 327
 129
 57
 5489
 184
 3
 199
 0
 32
 2
 47
 19
 743
 215
 5168
 0
 529
 0
 41
 0
 8
 1
 3
 1
 1
 5681
 1
 102
 13
 45
 426
 7
 378
 105
 319
 1
 3960
 0
 46
 0
 4
 0
 0
 2
 1
 205
 0
 5722
 21
 249
 69
 3
 45
 14
 13
 20
 97
 13
 5803
 4
 1
 1
 0
 1
 0
 88
 1
 162
 4
 5699
 0
 0
 0
 0
 0
 0
 0
 0
 0
 0
 5000
 9
 49
 106
 5
 2
 758
 0
 15
 1
 8
 5813
 4
 26
 6
 0
 16
 0
 2
 0
 104
 18
 4732
 40
 305
 0
 425
 1
 22
 0
 327
 128
 57
 5491
 185
 3
 201
 0
 32
 2
 46
 20
 739
 213
 5172
 0
 520
 0
 42
 0
 8
 1
 3
 2
 1
 5686
 0
 100
 13
 44
 434
 7
 372
 105
 312
 1
 3982
 0
 44
 0
 4
 0
 0
 2
 1
 204
 0
 5726
 21
 246
 68
 3
 44
 14
 13
 19
 97
 13
 5805
 4
 1
 1
 0
 1
 0
 85
 1
 160
 4
 5703
 0
 0
 0
 0
 0
 0
 0
 0
 0
 0
 5001
 9
 49
 105
 5
 2
 742
 0
 15
 1
 8
 5813
 3
 26
 5
 0
 16
 0
 2
 0
 107
 18
 4741
 41
 304
 0
 420
 1
 22
 0
 324
 127
 58
 5493
 185
 3
 201
 0
 32
 2
 45
 21
 733
 211
 5177
 0
 518
 0
 41
 0
 8
 1
 2
 2
 1
 5691
 0
 97
 12
 44
 436
 7
 371
 105
 310
 1
 4006
 0
 44
 0
 4
 0
 0
 2
 0
 200
 0
 5730
 21
 245
 66
 3
 43
 14
 13
 18
 96
 13
 5807
 4
 1
 1
 0
 1
 0
 85
 1
 159
 4
 5704
 0
 0
 0
 0
 0
 0
 0
 0
 0
 0
 4992
 9
 49
 103
 5
 1
 739
 0
 15
 1
 8
 5816
 4
 27
 5
 0
 16
 0
 2
 0
 110
 18
 4751
 41
 301
 0
 415
 1
 22
 0
 327
 125
 58
 5498
 186
 3
 197
 0
 32
 1
 42
 20
 726
 210
 5183
 0
 513
 0
 42
 0
 8
 1
 2
 2
 1
 5698
 0
 96
 12
 43
 442
 7
 368
 103
 306
 1
 4024
 0
 42
 0
 4
 0
 0
 2
 0
 197
 0
 5733
 20
 241
 66
 3
 42
 13
 13
 17
 95
 12
 5809
 3
 1
 1
 0
 1
 0
 83
 1
 158
 4
 5711
 0
 0
 0
 0
 0
 0
 0
 0
 0
 0
 4990
 9
 49
 102
 5
 1
 723
 0
 15
 1
 8
 5817
 4
 27
 5
 0
 16
 0
 2
 0
 113
 18
 4750
 41
 303
 0
 412
 1
 24
 0
 324
 124
 59
 5498
 185
 3
 197
 0
 31
 1
 41
 20
 728
 211
 5187
 0
 509
 0
 42
 0
 8
 1
 2
 2
 1
 5704
 0
 94
 12
 44
 445
 7
 369
 103
 301
 1
 4047
 0
 40
 0
 4
 0
 0
 2
 0
 193
 0
 5738
 19
 239
 66
 3
 39
 13
 13
 17
 95
 12
 5811
 3
 1
 1
 0
 1
 0
 81
 1
 155
 4
 5712
 0
 0
 0
 0
 0
 0
 0
 0
 0
 0
 4992
 9
 49
 100
 5
 1
 722
 0
 15
 0
 8
 5818
 4
 27
 4
 0
 17
 0
 2
 0
 110
 18
 4762
 40
 301
 0
 412
 1
 24
 0
 321
 123
 60
 5501
 180
 3
 194
 0
 31
 1
 41
 20
 718
 210
 5203
 0
 504
 0
 42
 0
 8
 1
 2
 2
 1
 5709
 0
 91
 12
 43
 449
 7
 368
 104
 293
 1
 4055
 0
 38
 0
 4
 0
 0
 2
 0
 192
 0
 5740
 18
 239
 66
 3
 37
 13
 13
 17
 95
 12
 5814
 3
 1
 1
 0
 1
 0
 77
 1
 156
 4
 5714
 0
 0
 0
 0
 0
 0
 0
 0
 0
 0
 4996
 9
 49
 96
 6
 1
 712
 0
 15
 0
 7
 5817
 5
 27
 4
 0
 17
 0
 2
 0
 107
 19
 4768
 42
 299
 1
 410
 1
 24
 0
 319
 123
 61
 5505
 179
 2
 193
 0
 31
 1
 41
 20
 714
 210
 5206
 0
 493
 0
 42
 0
 8
 1
 2
 2
 1
 5715
 0
 91
 11
 43
 450
 7
 364
 102
 293
 1
 4081
 0
 38
 0
 4
 0
 0
 2
 0
 191
 0
 5740
 19
 235
 67
 3
 37
 13
 12
 16
 93
 12
 5815
 3
 1
 1
 0
 1
 0
 73
 1
 156
 3
 5718
 0
 0
 0
 0
 0
 0
 0
 0
 0
 0
 5002
 9
 49
 97
 6
 0
 688
 0
 15
 0
 7
 5825
 5
 28
 4
 0
 16
 0
 2
 0
 109
 19
 4773
 42
 303
 1
 406
 1
 24
 0
 314
 116
 61
 5506
 179
 1
 194
 0
 31
 1
 41
 19
 710
 210
 5202
 0
 489
 0
 43
 0
 7
 1
 2
 2
 1
 5722
 0
 88
 11
 42
 450
 7
 363
 101
 293
 1
 4117
 0
 37
 0
 4
 0
 0
 1
 0
 186
 0
 5743
 19
 234
 65
 3
 37
 13
 12
 16
 89
 12
 5815
 3
 1
 1
 0
 0
 0
 73
 1
 156
 3
 5720
 0
 0
 0
 0
 0
 0
 0
 0
 0
 0
 5007
 9
 49
 99
 6
 0
 678
 0
 14
 0
 7
 5827
 5
 28
 4
 0
 15
 0
 2
 0
 110
 18
 4780
 42
 304
 1
 401
 1
 25
 0
 309
 116
 61
 5506
 179
 1
 194
 0
 31
 1
 41
 18
 705
 210
 5202
 0
 483
 0
 43
 0
 7
 1
 2
 2
 1
 5727
 0
 87
 11
 41
 449
 7
 360
 101
 293
 1
 4140
 0
 36
 0
 4
 0
 0
 0
 0
 184
 0
 5746
 20
 231
 65
 3
 38
 12
 11
 16
 88
 12
 5816
 3
 1
 1
 0
 0
 0
 70
 1
 154
 2
 5724
 0
 0
 0
 0
 0
 0
 0
 0
 0
 0
 5012
 9
 49
 99
 6
 0
 675
 0
 14
 0
 7
 5827
 5
 26
 4
 0
 14
 0
 2
 0
 109
 18
 4784
 42
 303
 1
 402
 1
 26
 0
 307
 116
 62
 5510
 178
 1
 195
 0
 31
 1
 42
 18
 703
 209
 5206
 0
 477
 0
 42
 0
 7
 1
 2
 2
 1
 5728
 0
 86
 11
 40
 446
 7
 357
 100
 291
 1
 4148
 0
 36
 0
 4
 0
 0
 0
 0
 185
 0
 5747
 19
 230
 65
 3
 38
 12
 11
 16
 88
 12
 5817
 3
 1
 1
 0
 0
 0
 68
 1
 154
 2
 5726
 0
 0
 0
 0
 0
 0
 0
 0
 0
 0
 5012
 9
 49
 98
 6
 0
 673
 0
 14
 0
 7
 5828
 5
 26
 4
 0
 14
 0
 2
 0
 110
 18
 4790
 41
 300
 1
 396
 1
 25
 0
 302
 114
 63
 5511
 177
 1
 194
 0
 31
 1
 41
 18
 703
 208
 5212
 0
 475
 0
 44
 0
 7
 1
 2
 2
 1
 5729
 0
 83
 11
 40
 453
 8
 350
 102
 289
 1
 4159
 0
 36
 0
 4
 0
 0
 0
 0
 186
 0
 5754
 19
 225
 63
 3
 38
 12
 11
 16
 88
 11
 5816
 3
 1
 1
 0
 0
 0
 66
 1
 151
 2
 5731
 0
 0
 0
 0
 0
 0
 0
 0
 0
 0
 5016
 9
 49
 98
 6
 0
 670
 0
 14
 0
 7
 5828
 5
 25
 4
 0
 13
 0
 2
 0
 110
 18
 4798
 42
 301
 1
 396
 1
 25
 0
 299
 114
 63
 5515
 177
 1
 193
 0
 31
 1
 41
 18
 700
 208
 5218
 0
 471
 0
 44
 0
 6
 1
 2
 2
 1
 5732
 0
 81
 11
 39
 453
 8
 345
 98
 282
 1
 4170
 0
 36
 0
 4
 0
 0
 0
 0
 185
 0
 5758
 19
 223
 63
 3
 38
 12
 11
 16
 86
 10
 5816
 3
 1
 1
 0
 0
 0
 64
 1
 150
 2
 5734
 0
 0
 0
 0
 0
 0
 0
 0
 0
 0
 5009
 9
 50
 96
 6
 0
 666
 0
 14
 0
 7
 5827
 4
 25
 4
 1
 12
 0
 2
 0
 110
 18
 4804
 42
 302
 1
 396
 1
 25
 0
 299
 113
 62
 5517
 176
 1
 191
 0
 31
 1
 40
 19
 694
 207
 5216
 0
 468
 0
 44
 0
 6
 1
 2
 2
 2
 5736
 0
 79
 11
 39
 462
 10
 348
 99
 282
 1
 4181
 0
 36
 0
 4
 0
 0
 0
 0
 183
 0
 5762
 18
 222
 62
 2
 36
 12
 12
 14
 85
 10
 5817
 3
 1
 1
 0
 0
 0
 63
 1
 148
 2
 5735
 0
 0
 0
 0
 0
 0
 0
 0
 0
 0
 5005
 9
 51
 95
 6
 0
 662
 0
 14
 0
 7
 5828
 4
 25
 4
 1
 12
 0
 2
 0
 112
 17
 4813
 43
 301
 1
 393
 1
 24
 0
 298
 113
 60
 5517
 178
 1
 192
 0
 31
 1
 40
 19
 689
 207
 5215
 0
 467
 0
 45
 0
 6
 1
 2
 2
 2
 5740
 0
 78
 10
 38
 466
 10
 346
 99
 282
 1
 4190
 0
 36
 0
 4
 0
 0
 0
 0
 182
 0
 5765
 18
 220
 61
 2
 35
 12
 12
 14
 83
 10
 5818
 3
 1
 1
 0
 0
 0
 60
 1
 146
 2
 5738
 0
 0
 0
 0
 0
 0
 0
 0
 0
 0
 5010
 9
 50
 97
 6
 0
 653
 0
 14
 0
 7
 5829
 4
 25
 4
 1
 12
 0
 2
 0
 112
 17
 4827
 43
 301
 1
 391
 1
 24
 0
 297
 113
 60
 5514
 178
 1
 193
 0
 31
 1
 40
 18
 681
 208
 5219
 0
 459
 0
 45
 0
 6
 1
 2
 2
 2
 5743
 0
 77
 10
 38
 462
 10
 342
 99
 278
 1
 4209
 0
 36
 0
 4
 0
 0
 0
 0
 179
 0
 5766
 18
 218
 61
 2
 34
 12
 12
 14
 82
 10
 5818
 4
 1
 1
 0
 0
 0
 60
 1
 146
 2
 5739
 0
 0
 0
 0
 0
 0
 0
 0
 0
 0
 5017
 9
 52
 98
 7
 0
 649
 0
 15
 0
 7
 5830
 4
 25
 4
 1
 12
 0
 2
 0
 113
 17
 4838
 43
 300
 1
 391
 1
 24
 0
 297
 112
 59
 5515
 178
 1
 190
 0
 30
 1
 40
 18
 677
 206
 5221
 0
 454
 0
 43
 0
 6
 1
 2
 2
 2
 5746
 0
 77
 10
 38
 454
 10
 335
 99
 276
 1
 4223
 0
 37
 0
 4
 0
 0
 0
 0
 180
 0
 5768
 18
 218
 61
 2
 33
 12
 12
 13
 80
 10
 5819
 5
 1
 1
 0
 0
 0
 57
 1
 144
 2
 5738
 0
 0
 0
 0
 0
 0
 0
 0
 0
 0
 5022
 9
 52
 97
 7
 0
 648
 0
 15
 0
 7
 5830
 4
 27
 4
 1
 12
 0
 2
 0
 114
 17
 4846
 43
 301
 1
 390
 1
 26
 0
 296
 112
 58
 5517
 177
 1
 189
 0
 30
 1
 41
 18
 672
 205
 5218
 0
 447
 0
 39
 0
 5
 1
 2
 2
 2
 5752
 0
 76
 10
 37
 449
 10
 334
 97
 279
 1
 4233
 0
 37
 0
 4
 0
 0
 0
 0
 175
 0
 5769
 18
 216
 61
 2
 32
 12
 12
 13
 80
 10
 5821
 5
 1
 1
 0
 0
 0
 56
 1
 144
 2
 5741
 0
 0
 0
 0
 0
 0
 0
 0
 0
 0
 5024
 9
 52
 97
 7
 0
 644
 0
 15
 0
 7
 5830
 3
 26
 4
 1
 12
 0
 2
 0
 115
 17
 4853
 43
 301
 1
 388
 1
 26
 0
 297
 112
 58
 5518
 176
 1
 184
 0
 31
 1
 41
 18
 670
 204
 5219
 0
 443
 0
 38
 0
 4
 1
 2
 2
 2
 5756
 0
 77
 10
 36
 446
 10
 331
 98
 279
 1
 4247
 0
 35
 0
 4
 0
 0
 0
 0
 172
 0
 5770
 18
 216
 61
 2
 31
 12
 12
 13
 81
 10
 5823
 5
 1
 1
 0
 0
 0
 55
 1
 142
 2
 5742
 0
 0
 0
 0
 0
 0
 0
 0
 0
 0
 5023
 8
 52
 98
 7
 0
 643
 0
 14
 0
 7
 5831
 2
 25
 4
 1
 12
 0
 2
 0
 118
 18
 4862
 43
 301
 1
 391
 1
 25
 0
 294
 111
 58
 5520
 173
 1
 183
 0
 31
 1
 39
 18
 662
 204
 5225
 0
 439
 0
 38
 0
 4
 1
 2
 2
 2
 5761
 0
 77
 10
 36
 448
 10
 330
 96
 276
 1
 4249
 0
 35
 0
 4
 0
 0
 0
 0
 169
 0
 5769
 18
 216
 62
 2
 32
 12
 12
 13
 82
 10
 5825
 5
 1
 1
 0
 0
 0
 53
 1
 143
 2
 5742
 0
 0
 0
 0
 0
 0
 0
 0
 0
 0
 5031
 8
 51
 97
 7
 0
 644
 0
 13
 0
 7
 5832
 2
 25
 4
 1
 12
 0
 2
 0
 119
 18
 4864
 43
 298
 1
 393
 1
 25
 0
 291
 110
 58
 5522
 173
 1
 181
 0
 30
 1
 39
 18
 662
 203
 5233
 0
 437
 0
 37
 0
 4
 1
 2
 2
 2
 5765
 0
 76
 8
 36
 443
 10
 329
 96
 271
 1
 4253
 0
 36
 0
 4
 0
 0
 0
 0
 166
 0
 5771
 19
 215
 61
 2
 32
 12
 12
 13
 79
 10
 5828
 5
 1
 1
 0
 0
 0
 52
 1
 142
 2
 5743
 0
 0
 0
 0
 0
 0
 0
 0
 0
 0
 5036
 8
 50
 96
 6
 0
 642
 0
 13
 0
 7
 5832
 2
 25
 4
 1
 11
 0
 2
 0
 118
 18
 4869
 44
 298
 1
 391
 1
 25
 0
 288
 110
 57
 5524
 173
 0
 181
 0
 31
 1
 39
 18
 662
 202
 5238
 0
 434
 0
 37
 0
 4
 1
 2
 2
 2
 5768
 0
 76
 7
 36
 442
 10
 326
 95
 267
 1
 4263
 0
 34
 0
 4
 0
 0
 0
 0
 165
 0
 5771
 19
 213
 61
 2
 32
 12
 12
 13
 77
 10
 5830
 5
 1
 1
 0
 0
 0
 51
 1
 142
 2
 5745
 0
 0
 0
 0
 0
 0
 0
 0
 0
 0
 5042
 9
 50
 94
 6
 0
 640
 0
 13
 0
 7
 5834
 1
 24
 4
 1
 11
 0
 2
 0
 119
 17
 4874
 44
 296
 1
 390
 1
 25
 0
 283
 109
 56
 5530
 173
 0
 181
 0
 30
 1
 39
 18
 661
 200
 5241
 0
 429
 0
 36
 0
 4
 1
 2
 2
 2
 5770
 0
 76
 7
 36
 440
 9
 325
 95
 266
 1
 4272
 0
 35
 0
 4
 0
 0
 0
 0
 165
 0
 5773
 18
 211
 61
 2
 31
 11
 12
 13
 76
 10
 5832
 5
 1
 1
 0
 0
 0
 49
 1
 140
 2
 5747
 0
 0
 0
 0
 0
 0
 0
 0
 0
 0
 5043
 8
 50
 94
 6
 0
 634
 0
 13
 0
 7
 5836
 1
 24
 4
 1
 11
 0
 2
 0
 118
 15
 4878
 44
 296
 1
 384
 1
 25
 0
 281
 109
 56
 5533
 173
 0
 179
 0
 30
 1
 40
 19
 659
 198
 5241
 0
 425
 0
 35
 0
 4
 1
 2
 2
 2
 5774
 0
 75
 6
 36
 442
 9
 324
 94
 266
 1
 4290
 0
 34
 0
 4
 0
 0
 0
 0
 161
 0
 5774
 18
 211
 60
 2
 30
 11
 12
 13
 76
 10
 5835
 5
 1
 1
 0
 0
 0
 49
 1
 140
 2
 5747
 0
 0
 0
 0
 0
 0
 0
 0
 0
 0
 5048
 9
 50
 93
 6
 0
 632
 0
 13
 0
 7
 5837
 1
 23
 4
 1
 11
 0
 2
 0
 118
 15
 4883
 43
 296
 1
 382
 1
 25
 0
 281
 107
 57
 5539
 173
 0
 179
 0
 30
 1
 41
 19
 652
 196
 5240
 0
 421
 0
 35
 0
 4
 1
 2
 2
 2
 5776
 0
 75
 6
 36
 438
 9
 325
 93
 267
 1
 4298
 0
 34
 0
 4
 0
 0
 0
 0
 160
 0
 5776
 18
 210
 58
 2
 30
 11
 12
 13
 76
 9
 5835
 5
 1
 1
 0
 0
 0
 48
 1
 139
 2
 5748
 0
 0
 0
 0
 0
 0
 0
 0
 0
 0
 5052
 9
 50
 92
 6
 0
 626
 0
 13
 0
 7
 5839
 1
 24
 4
 1
 11
 0
 2
 0
 119
 16
 4889
 46
 296
 1
 384
 1
 25
 0
 280
 106
 57
 5537
 172
 0
 180
 0
 30
 1
 40
 18
 648
 194
 5241
 0
 418
 0
 35
 0
 4
 1
 2
 2
 2
 5780
 0
 71
 6
 35
 436
 9
 323
 94
 268
 1
 4305
 0
 34
 0
 3
 0
 0
 0
 0
 158
 0
 5781
 18
 209
 58
 2
 30
 11
 11
 13
 75
 8
 5835
 5
 1
 0
 0
 0
 0
 46
 1
 139
 2
 5750
 0
 0
 0
 0
 0
 0
 0
 0
 0
 0
 5057
 9
 50
 92
 6
 1
 622
 0
 12
 0
 6
 5839
 1
 24
 4
 1
 11
 0
 2
 0
 117
 16
 4890
 46
 298
 1
 379
 1
 25
 0
 281
 106
 57
 5540
 172
 0
 180
 0
 29
 1
 40
 18
 647
 192
 5238
 0
 417
 0
 34
 0
 4
 1
 2
 2
 2
 5781
 0
 71
 6
 34
 435
 9
 324
 93
 269
 1
 4316
 0
 34
 0
 2
 0
 0
 0
 0
 155
 0
 5782
 18
 206
 57
 2
 29
 11
 11
 13
 74
 8
 5838
 5
 1
 0
 0
 0
 0
 47
 1
 138
 2
 5754
 0
 0
 0
 0
 0
 0
 0
 0
 0
 0
 5064
 8
 49
 91
 6
 1
 619
 0
 11
 0
 6
 5839
 1
 25
 4
 1
 11
 0
 2
 0
 116
 17
 4898
 47
 296
 1
 374
 1
 25
 0
 279
 106
 57
 5540
 172
 0
 180
 0
 29
 1
 40
 18
 641
 192
 5239
 0
 412
 0
 34
 0
 4
 1
 2
 2
 2
 5785
 0
 71
 6
 34
 431
 9
 323
 92
 270
 1
 4330
 0
 34
 0
 2
 0
 0
 0
 0
 151
 0
 5784
 18
 204
 57
 2
 29
 11
 11
 13
 73
 8
 5839
 5
 1
 0
 0
 0
 0
 47
 1
 136
 2
 5756
 0
 0
 0
 0
 0
 0
 0
 0
 0
 0
 5069
 8
 49
 92
 6
 1
 615
 0
 11
 0
 5
 5839
 1
 23
 4
 1
 11
 0
 2
 0
 116
 17
 4898
 46
 296
 1
 372
 1
 25
 0
 274
 106
 57
 5542
 171
 0
 180
 0
 29
 1
 40
 18
 640
 192
 5241
 0
 408
 0
 33
 0
 4
 1
 2
 2
 2
 5788
 0
 71
 6
 34
 433
 9
 327
 92
 268
 1
 4339
 0
 34
 0
 2
 0
 0
 0
 0
 150
 0
 5785
 18
 205
 56
 2
 26
 11
 12
 13
 74
 8
 5840
 5
 1
 0
 0
 0
 0
 45
 1
 135
 2
 5755
 0
 0
 0
 0
 0
 0
 0
 0
 0
 0
 5074
 8
 47
 90
 6
 1
 612
 0
 11
 0
 5
 5840
 1
 22
 4
 1
 11
 0
 2
 0
 115
 16
 4903
 46
 293
 1
 369
 1
 25
 0
 273
 106
 56
 5546
 169
 0
 179
 0
 29
 1
 40
 18
 637
 192
 5248
 0
 406
 0
 33
 0
 4
 1
 2
 2
 2
 5791
 0
 71
 6
 35
 432
 9
 328
 92
 266
 1
 4348
 0
 34
 0
 1
 0
 0
 0
 0
 148
 0
 5786
 18
 205
 55
 2
 26
 10
 12
 13
 74
 8
 5840
 5
 1
 0
 0
 0
 0
 44
 1
 134
 2
 5754
 0
 0
 0
 0
 0
 0
 0
 0
 0
 0
 5073
 8
 48
 90
 6
 1
 610
 0
 11
 0
 4
 5840
 2
 22
 4
 1
 12
 0
 2
 0
 115
 16
 4906
 45
 288
 1
 367
 1
 25
 0
 273
 106
 55
 5549
 168
 0
 179
 0
 29
 1
 39
 18
 636
 191
 5254
 0
 401
 0
 33
 0
 4
 1
 2
 2
 2
 5793
 0
 70
 6
 36
 436
 9
 325
 91
 266
 1
 4356
 0
 33
 0
 1
 0
 0
 0
 0
 147
 0
 5788
 18
 204
 54
 2
 26
 10
 12
 13
 74
 8
 5841
 5
 1
 0
 0
 0
 0
 43
 1
 133
 2
 5754
 0
 0
 0
 0
 0
 0
 0
 0
 0
 0


