# Created by Octave 6.2.0, Fri May 21 17:00:05 2021 GMT <unknown@DESKTOP-PM2CTTO>
# name: confMatrix2
# type: matrix
# ndims: 3
 10 11 50
 804
 18
 48
 72
 4
 0
 257
 0
 4
 0
 10
 919
 1
 18
 8
 0
 3
 0
 2
 0
 11
 13
 605
 11
 244
 0
 248
 0
 14
 0
 103
 35
 13
 848
 93
 2
 79
 0
 23
 1
 11
 13
 257
 29
 596
 0
 270
 0
 4
 0
 31
 1
 37
 11
 23
 639
 71
 35
 26
 10
 0
 0
 1
 1
 1
 0
 1
 0
 0
 0
 0
 0
 0
 0
 0
 231
 0
 871
 9
 54
 30
 1
 38
 10
 31
 16
 71
 3
 917
 1
 0
 0
 0
 0
 0
 112
 0
 91
 1
 934
 0
 0
 0
 0
 0
 0
 0
 0
 0
 0
 807
 6
 29
 56
 1
 0
 251
 0
 2
 0
 9
 924
 2
 15
 6
 0
 4
 0
 1
 0
 19
 15
 677
 16
 173
 0
 231
 0
 19
 0
 100
 43
 11
 839
 46
 3
 69
 0
 18
 0
 10
 10
 228
 44
 733
 0
 297
 0
 4
 0
 15
 0
 11
 3
 7
 802
 28
 43
 18
 15
 10
 0
 14
 19
 20
 0
 67
 0
 1
 0
 0
 0
 0
 0
 0
 121
 0
 866
 6
 44
 30
 2
 28
 7
 14
 15
 53
 0
 930
 1
 0
 0
 0
 1
 0
 59
 0
 91
 1
 940
 0
 0
 0
 0
 0
 0
 0
 0
 0
 0
 824
 6
 23
 43
 1
 0
 242
 0
 2
 0
 7
 926
 2
 15
 5
 0
 6
 0
 1
 0
 23
 15
 688
 17
 106
 0
 165
 0
 19
 0
 84
 42
 13
 845
 43
 3
 61
 0
 14
 0
 8
 9
 192
 38
 783
 0
 200
 0
 1
 0
 7
 0
 7
 2
 4
 860
 13
 42
 12
 14
 20
 0
 55
 32
 48
 0
 263
 0
 6
 0
 0
 0
 0
 0
 0
 75
 0
 877
 6
 46
 27
 2
 20
 7
 10
 15
 50
 0
 938
 1
 0
 0
 0
 1
 0
 47
 0
 81
 1
 939
 0
 0
 0
 0
 0
 0
 0
 0
 0
 0
 825
 6
 22
 41
 1
 0
 227
 0
 2
 0
 5
 929
 1
 14
 5
 0
 5
 0
 1
 0
 21
 13
 700
 19
 90
 0
 149
 0
 15
 0
 76
 39
 12
 852
 42
 3
 58
 0
 14
 0
 9
 11
 180
 39
 784
 0
 140
 0
 1
 0
 5
 0
 3
 1
 3
 873
 7
 44
 9
 14
 34
 0
 64
 27
 66
 0
 369
 0
 11
 0
 0
 0
 0
 0
 0
 68
 0
 881
 4
 46
 25
 2
 18
 6
 9
 12
 45
 0
 942
 1
 0
 0
 0
 1
 0
 44
 0
 75
 1
 939
 0
 0
 0
 0
 0
 0
 0
 0
 0
 0
 831
 5
 22
 40
 1
 0
 219
 0
 2
 0
 4
 935
 1
 15
 5
 0
 5
 0
 1
 0
 17
 13
 712
 21
 92
 0
 142
 0
 16
 0
 64
 33
 13
 855
 39
 3
 55
 0
 12
 0
 8
 12
 168
 41
 783
 0
 123
 0
 1
 0
 5
 0
 2
 1
 1
 878
 6
 41
 9
 16
 48
 0
 66
 21
 72
 0
 408
 0
 11
 0
 0
 0
 0
 0
 0
 67
 0
 894
 4
 47
 23
 2
 16
 5
 7
 9
 42
 0
 943
 1
 0
 0
 0
 1
 0
 43
 0
 65
 1
 936
 0
 0
 0
 0
 0
 0
 0
 0
 0
 0
 832
 6
 22
 38
 1
 0
 201
 0
 1
 0
 3
 935
 1
 16
 4
 0
 3
 0
 1
 0
 17
 13
 725
 20
 95
 0
 140
 0
 16
 0
 59
 32
 13
 861
 38
 2
 51
 0
 12
 0
 6
 12
 159
 39
 784
 0
 121
 0
 1
 0
 5
 0
 2
 1
 1
 881
 3
 39
 6
 16
 55
 0
 63
 20
 70
 0
 443
 0
 12
 0
 0
 0
 0
 0
 0
 67
 0
 903
 4
 46
 22
 2
 15
 4
 7
 9
 38
 0
 946
 1
 1
 0
 0
 1
 0
 41
 0
 58
 1
 937
 0
 0
 0
 0
 0
 0
 0
 0
 0
 0
 835
 5
 20
 36
 0
 0
 197
 0
 1
 0
 3
 937
 1
 17
 4
 0
 3
 0
 1
 0
 15
 13
 731
 18
 99
 0
 136
 0
 15
 0
 57
 32
 14
 859
 40
 2
 47
 0
 11
 0
 6
 10
 158
 40
 780
 0
 119
 0
 3
 0
 5
 0
 2
 1
 1
 885
 1
 36
 5
 14
 56
 1
 59
 24
 69
 0
 462
 0
 9
 0
 0
 0
 0
 0
 0
 67
 0
 912
 4
 46
 22
 2
 15
 4
 7
 8
 35
 0
 950
 1
 1
 0
 0
 1
 0
 38
 0
 52
 1
 939
 0
 0
 0
 0
 0
 0
 0
 0
 0
 0
 838
 5
 20
 33
 0
 0
 188
 0
 1
 0
 3
 939
 1
 14
 3
 0
 3
 0
 1
 0
 15
 13
 734
 18
 99
 0
 131
 0
 13
 0
 55
 33
 14
 862
 43
 2
 48
 0
 11
 0
 6
 7
 152
 39
 779
 0
 117
 0
 3
 0
 5
 0
 2
 0
 1
 885
 1
 33
 5
 13
 57
 1
 63
 29
 68
 0
 477
 0
 9
 0
 0
 0
 0
 0
 0
 68
 0
 917
 4
 44
 20
 2
 14
 4
 7
 9
 35
 0
 952
 1
 1
 0
 0
 1
 0
 36
 0
 50
 1
 942
 0
 0
 0
 0
 0
 0
 0
 0
 0
 0
 837
 4
 21
 33
 0
 0
 180
 0
 1
 0
 3
 943
 1
 12
 2
 0
 3
 0
 1
 0
 15
 11
 738
 18
 100
 0
 128
 0
 12
 0
 53
 32
 12
 864
 43
 2
 48
 0
 11
 0
 6
 7
 147
 39
 776
 0
 112
 0
 3
 0
 4
 0
 2
 0
 1
 889
 1
 32
 4
 13
 60
 1
 65
 29
 72
 0
 493
 0
 10
 0
 0
 0
 0
 0
 0
 65
 0
 921
 4
 47
 21
 2
 14
 4
 6
 8
 35
 0
 953
 1
 1
 0
 0
 1
 0
 36
 0
 47
 1
 939
 0
 0
 0
 0
 0
 0
 0
 0
 0
 0
 841
 5
 21
 31
 0
 0
 176
 0
 2
 0
 2
 944
 2
 11
 2
 0
 3
 0
 1
 0
 15
 11
 741
 18
 103
 0
 127
 0
 12
 0
 50
 31
 11
 866
 42
 2
 46
 0
 11
 0
 6
 6
 144
 40
 779
 0
 109
 0
 3
 0
 4
 0
 2
 0
 1
 891
 1
 32
 3
 13
 61
 1
 66
 29
 67
 0
 503
 0
 9
 0
 0
 0
 0
 0
 0
 63
 0
 925
 5
 46
 20
 2
 13
 4
 6
 8
 35
 0
 954
 1
 1
 0
 0
 1
 0
 36
 0
 43
 0
 940
 0
 0
 0
 0
 0
 0
 0
 0
 0
 0
 842
 5
 20
 31
 0
 0
 172
 0
 2
 0
 2
 944
 2
 11
 2
 0
 2
 0
 1
 0
 15
 11
 746
 19
 102
 0
 127
 0
 11
 0
 48
 31
 11
 867
 42
 2
 46
 0
 10
 0
 5
 6
 144
 39
 780
 0
 106
 0
 3
 0
 4
 0
 2
 0
 2
 891
 1
 33
 3
 12
 62
 1
 63
 28
 66
 0
 512
 0
 9
 0
 0
 0
 0
 0
 0
 64
 0
 925
 5
 49
 21
 2
 12
 4
 6
 8
 34
 0
 956
 1
 1
 0
 0
 1
 0
 35
 0
 42
 0
 938
 0
 0
 0
 0
 0
 0
 0
 0
 0
 0
 847
 5
 19
 31
 0
 0
 167
 0
 2
 0
 2
 946
 2
 11
 2
 0
 2
 0
 1
 0
 14
 10
 752
 19
 104
 0
 130
 0
 10
 0
 47
 30
 11
 869
 42
 2
 44
 0
 10
 0
 5
 6
 142
 39
 780
 0
 104
 0
 3
 0
 4
 0
 2
 0
 2
 891
 1
 32
 3
 12
 62
 1
 60
 26
 64
 0
 519
 0
 10
 0
 0
 0
 0
 0
 0
 63
 0
 928
 5
 46
 19
 2
 12
 4
 6
 8
 33
 0
 956
 1
 0
 0
 0
 1
 0
 36
 0
 40
 0
 941
 0
 0
 0
 0
 0
 0
 0
 0
 0
 0
 849
 5
 18
 33
 0
 0
 164
 0
 2
 0
 2
 946
 2
 10
 2
 0
 2
 0
 1
 0
 15
 10
 760
 18
 104
 0
 128
 0
 10
 0
 46
 30
 12
 871
 43
 2
 46
 0
 9
 0
 4
 6
 137
 39
 779
 0
 103
 0
 3
 0
 4
 0
 2
 0
 2
 893
 1
 32
 3
 11
 60
 1
 56
 24
 64
 0
 523
 0
 9
 0
 0
 0
 0
 0
 0
 61
 0
 932
 5
 47
 20
 2
 13
 4
 6
 8
 33
 0
 958
 1
 0
 0
 0
 1
 0
 36
 0
 36
 0
 941
 0
 0
 0
 0
 0
 0
 0
 0
 0
 0
 847
 5
 18
 33
 0
 0
 162
 0
 2
 0
 3
 949
 2
 10
 2
 0
 2
 0
 1
 0
 15
 9
 766
 17
 102
 0
 125
 0
 10
 0
 47
 28
 12
 872
 43
 2
 45
 0
 8
 0
 4
 6
 131
 38
 781
 0
 102
 0
 3
 0
 3
 0
 2
 0
 2
 893
 1
 32
 3
 11
 61
 1
 56
 25
 64
 0
 530
 0
 9
 0
 0
 0
 0
 0
 0
 61
 0
 931
 5
 44
 20
 2
 13
 4
 6
 8
 33
 0
 959
 1
 0
 0
 0
 1
 0
 36
 0
 37
 0
 944
 0
 0
 0
 0
 0
 0
 0
 0
 0
 0
 847
 4
 18
 33
 0
 0
 160
 0
 2
 0
 3
 951
 2
 10
 2
 0
 2
 0
 1
 0
 14
 8
 773
 16
 102
 0
 124
 0
 11
 0
 47
 28
 12
 874
 40
 2
 45
 0
 8
 0
 4
 6
 126
 37
 782
 0
 101
 0
 3
 0
 3
 0
 2
 0
 2
 895
 1
 31
 3
 11
 62
 1
 55
 25
 66
 0
 534
 0
 9
 0
 0
 0
 0
 0
 0
 60
 0
 932
 5
 44
 20
 2
 12
 4
 6
 8
 33
 0
 958
 1
 0
 0
 0
 1
 0
 35
 0
 37
 0
 944
 0
 0
 0
 0
 0
 0
 0
 0
 0
 0
 848
 4
 18
 32
 0
 0
 159
 0
 1
 0
 3
 951
 2
 10
 2
 0
 1
 0
 1
 0
 14
 7
 775
 15
 101
 0
 122
 0
 11
 0
 46
 28
 12
 875
 39
 2
 45
 0
 8
 0
 4
 6
 127
 38
 782
 0
 99
 0
 3
 0
 3
 0
 1
 0
 2
 900
 1
 31
 3
 11
 62
 2
 54
 25
 68
 0
 540
 0
 9
 0
 0
 0
 0
 0
 0
 57
 0
 931
 5
 43
 20
 2
 11
 4
 6
 8
 33
 0
 959
 1
 0
 0
 0
 1
 0
 33
 0
 38
 0
 945
 0
 0
 0
 0
 0
 0
 0
 0
 0
 0
 849
 4
 18
 31
 0
 0
 158
 0
 1
 0
 3
 952
 2
 10
 2
 0
 1
 0
 1
 0
 14
 5
 779
 16
 102
 0
 123
 0
 11
 0
 47
 28
 12
 875
 39
 2
 47
 0
 8
 0
 4
 5
 125
 38
 784
 0
 97
 0
 3
 0
 3
 0
 1
 0
 2
 905
 1
 31
 3
 11
 61
 4
 52
 25
 65
 0
 540
 0
 9
 0
 0
 0
 0
 0
 0
 55
 0
 931
 5
 43
 19
 2
 11
 4
 6
 7
 33
 0
 959
 1
 0
 0
 0
 1
 0
 31
 0
 38
 0
 945
 0
 0
 0
 0
 0
 0
 0
 0
 0
 0
 846
 4
 19
 29
 0
 0
 160
 0
 1
 0
 3
 953
 2
 10
 2
 0
 1
 0
 1
 0
 15
 4
 781
 16
 104
 0
 121
 0
 11
 0
 46
 28
 12
 880
 39
 2
 47
 0
 8
 0
 4
 5
 122
 37
 782
 0
 99
 0
 3
 0
 3
 0
 1
 0
 2
 906
 1
 30
 3
 11
 64
 4
 52
 24
 65
 0
 540
 0
 9
 0
 0
 0
 0
 0
 0
 55
 0
 931
 5
 43
 19
 2
 11
 4
 6
 7
 31
 1
 959
 1
 0
 0
 0
 0
 0
 30
 0
 38
 0
 945
 0
 0
 0
 0
 0
 0
 0
 0
 0
 0
 846
 4
 19
 30
 0
 0
 161
 0
 1
 0
 3
 953
 2
 10
 2
 0
 1
 0
 1
 0
 15
 4
 779
 16
 106
 0
 120
 0
 9
 0
 46
 28
 13
 881
 39
 2
 46
 0
 8
 0
 4
 5
 122
 35
 781
 0
 100
 0
 3
 0
 3
 0
 1
 0
 2
 906
 1
 30
 3
 11
 66
 4
 53
 24
 64
 0
 541
 0
 9
 0
 0
 0
 0
 0
 0
 55
 0
 933
 5
 42
 17
 2
 11
 4
 6
 7
 30
 1
 961
 1
 0
 0
 0
 0
 0
 30
 0
 36
 0
 946
 0
 0
 0
 0
 0
 0
 0
 0
 0
 0
 842
 4
 19
 30
 0
 0
 161
 0
 1
 0
 3
 953
 2
 10
 1
 0
 1
 0
 1
 0
 15
 3
 783
 15
 107
 0
 119
 0
 9
 0
 46
 28
 13
 880
 39
 2
 44
 0
 8
 0
 4
 6
 121
 36
 783
 0
 100
 0
 3
 0
 3
 0
 0
 0
 1
 907
 1
 30
 3
 10
 70
 4
 51
 24
 63
 0
 544
 0
 9
 0
 0
 0
 0
 0
 0
 55
 0
 933
 5
 42
 17
 2
 11
 5
 6
 6
 30
 1
 961
 1
 0
 0
 0
 0
 0
 30
 0
 36
 0
 947
 0
 0
 0
 0
 0
 0
 0
 0
 0
 0
 842
 4
 19
 29
 0
 0
 159
 0
 1
 0
 3
 953
 2
 10
 1
 0
 1
 0
 1
 0
 15
 3
 784
 15
 105
 0
 118
 0
 8
 0
 46
 28
 13
 883
 39
 2
 44
 0
 7
 0
 4
 6
 121
 36
 788
 0
 99
 0
 4
 0
 3
 0
 0
 0
 1
 907
 1
 28
 2
 10
 70
 4
 51
 22
 60
 0
 549
 0
 8
 0
 0
 0
 0
 0
 0
 54
 0
 935
 5
 42
 17
 2
 10
 5
 6
 6
 29
 1
 964
 1
 0
 0
 0
 0
 0
 31
 0
 36
 0
 947
 0
 0
 0
 0
 0
 0
 0
 0
 0
 0
 842
 4
 19
 29
 0
 0
 157
 0
 1
 0
 3
 955
 2
 10
 1
 0
 1
 0
 1
 0
 16
 2
 783
 15
 106
 0
 119
 0
 8
 0
 46
 27
 13
 884
 39
 2
 43
 0
 7
 0
 5
 6
 121
 35
 789
 0
 98
 0
 4
 0
 3
 0
 0
 0
 0
 909
 1
 28
 2
 10
 70
 4
 52
 22
 59
 0
 552
 0
 7
 0
 0
 0
 0
 0
 0
 53
 0
 935
 5
 42
 15
 2
 10
 5
 6
 5
 29
 1
 965
 1
 0
 0
 0
 0
 0
 31
 0
 36
 0
 947
 0
 0
 0
 0
 0
 0
 0
 0
 0
 0
 843
 4
 18
 28
 0
 0
 155
 0
 1
 0
 3
 955
 2
 10
 1
 0
 1
 0
 1
 0
 16
 2
 786
 15
 107
 0
 118
 0
 8
 0
 45
 27
 14
 885
 40
 2
 45
 0
 7
 0
 5
 6
 120
 35
 788
 0
 99
 0
 4
 0
 3
 0
 0
 0
 0
 911
 1
 27
 2
 9
 70
 5
 50
 22
 58
 0
 552
 0
 7
 0
 0
 0
 0
 0
 0
 51
 0
 936
 5
 43
 15
 1
 10
 5
 6
 5
 29
 1
 965
 1
 0
 0
 0
 0
 0
 31
 0
 36
 0
 947
 0
 0
 0
 0
 0
 0
 0
 0
 0
 0
 840
 4
 18
 26
 0
 0
 154
 0
 1
 0
 3
 956
 2
 10
 1
 0
 1
 0
 1
 0
 17
 2
 783
 15
 107
 0
 116
 0
 8
 0
 45
 26
 14
 885
 40
 2
 46
 0
 7
 0
 5
 6
 122
 35
 790
 0
 98
 0
 4
 0
 3
 0
 0
 0
 0
 912
 1
 27
 2
 8
 72
 5
 51
 24
 56
 0
 555
 0
 7
 0
 0
 0
 0
 0
 0
 51
 0
 936
 5
 43
 15
 1
 10
 5
 6
 5
 29
 1
 965
 1
 0
 0
 0
 0
 0
 30
 0
 36
 0
 948
 0
 0
 0
 0
 0
 0
 0
 0
 0
 0
 841
 4
 18
 26
 0
 0
 154
 0
 1
 0
 3
 956
 2
 10
 1
 0
 1
 0
 1
 0
 17
 2
 784
 15
 104
 0
 113
 0
 7
 0
 45
 26
 14
 885
 39
 2
 50
 0
 7
 0
 5
 6
 121
 35
 796
 0
 98
 0
 4
 0
 3
 0
 0
 0
 0
 915
 1
 27
 2
 8
 71
 5
 51
 24
 55
 0
 554
 0
 7
 0
 0
 0
 0
 0
 0
 51
 0
 938
 5
 43
 15
 1
 10
 5
 5
 3
 29
 1
 966
 1
 0
 0
 0
 0
 0
 29
 0
 34
 0
 948
 0
 0
 0
 0
 0
 0
 0
 0
 0
 0
 841
 4
 18
 25
 0
 0
 153
 0
 1
 0
 3
 956
 2
 11
 0
 0
 1
 0
 1
 0
 16
 2
 784
 15
 104
 0
 115
 0
 6
 0
 46
 26
 14
 885
 40
 2
 49
 0
 7
 0
 5
 6
 122
 35
 800
 0
 95
 0
 4
 0
 3
 0
 0
 0
 0
 915
 1
 27
 2
 8
 71
 5
 51
 24
 51
 0
 558
 0
 8
 0
 0
 0
 0
 0
 0
 51
 0
 938
 5
 43
 15
 1
 9
 5
 5
 3
 28
 1
 966
 1
 0
 0
 0
 0
 0
 29
 0
 34
 0
 948
 0
 0
 0
 0
 0
 0
 0
 0
 0
 0
 842
 4
 18
 25
 0
 0
 153
 0
 1
 0
 3
 956
 1
 11
 0
 0
 1
 0
 1
 0
 16
 2
 785
 12
 103
 0
 114
 0
 6
 0
 46
 26
 14
 888
 38
 2
 48
 0
 6
 0
 5
 6
 121
 36
 802
 0
 95
 0
 4
 0
 3
 0
 0
 0
 0
 917
 1
 27
 2
 8
 71
 5
 52
 23
 52
 0
 560
 0
 8
 0
 0
 0
 0
 0
 0
 51
 0
 939
 5
 43
 14
 1
 9
 5
 5
 3
 28
 1
 967
 1
 0
 0
 0
 0
 0
 27
 0
 33
 0
 948
 0
 0
 0
 0
 0
 0
 0
 0
 0
 0
 843
 3
 18
 25
 0
 0
 154
 0
 1
 0
 3
 956
 1
 11
 0
 0
 1
 0
 1
 0
 16
 2
 785
 12
 103
 0
 112
 0
 5
 0
 46
 27
 14
 890
 38
 2
 48
 0
 5
 0
 5
 6
 120
 35
 802
 0
 96
 0
 4
 0
 3
 0
 0
 0
 0
 919
 1
 26
 2
 8
 70
 5
 53
 23
 52
 0
 560
 0
 7
 0
 0
 0
 0
 0
 0
 50
 0
 939
 5
 43
 14
 1
 9
 4
 5
 3
 28
 1
 970
 1
 0
 0
 0
 0
 0
 26
 0
 34
 0
 948
 0
 0
 0
 0
 0
 0
 0
 0
 0
 0
 843
 3
 18
 25
 0
 0
 154
 0
 1
 0
 3
 956
 1
 11
 0
 0
 1
 0
 1
 0
 16
 2
 785
 12
 103
 0
 112
 0
 4
 0
 46
 27
 15
 891
 37
 2
 48
 0
 6
 0
 5
 6
 120
 34
 804
 0
 95
 0
 4
 0
 3
 0
 0
 0
 0
 920
 1
 25
 2
 8
 70
 5
 52
 23
 51
 0
 561
 0
 7
 0
 0
 0
 0
 0
 0
 49
 0
 940
 5
 43
 14
 1
 9
 4
 5
 3
 28
 1
 970
 1
 0
 0
 0
 0
 0
 26
 0
 34
 0
 948
 0
 0
 0
 0
 0
 0
 0
 0
 0
 0
 843
 3
 17
 25
 0
 0
 154
 0
 1
 0
 3
 956
 1
 11
 1
 0
 1
 0
 1
 0
 16
 2
 782
 12
 101
 0
 112
 0
 4
 0
 46
 27
 17
 892
 37
 2
 48
 0
 6
 0
 5
 6
 119
 33
 804
 0
 94
 0
 4
 0
 3
 0
 0
 0
 0
 921
 1
 25
 2
 8
 70
 5
 55
 23
 52
 0
 562
 0
 7
 0
 0
 0
 0
 0
 0
 49
 0
 942
 5
 43
 14
 1
 9
 4
 5
 3
 28
 1
 970
 1
 0
 0
 0
 0
 0
 25
 0
 32
 0
 948
 0
 0
 0
 0
 0
 0
 0
 0
 0
 0
 842
 3
 16
 25
 0
 0
 153
 0
 1
 0
 3
 956
 1
 12
 1
 0
 1
 0
 1
 0
 16
 2
 781
 12
 99
 0
 110
 0
 4
 0
 46
 27
 17
 891
 37
 2
 48
 0
 6
 0
 5
 6
 119
 33
 806
 0
 93
 0
 4
 0
 3
 0
 0
 0
 0
 921
 1
 25
 2
 8
 71
 5
 58
 23
 52
 0
 567
 0
 7
 0
 0
 0
 0
 0
 0
 49
 0
 942
 5
 43
 14
 1
 8
 4
 5
 3
 27
 1
 970
 1
 0
 0
 0
 0
 0
 25
 0
 32
 0
 948
 0
 0
 0
 0
 0
 0
 0
 0
 0
 0
 841
 3
 16
 25
 0
 0
 152
 0
 1
 0
 3
 957
 1
 12
 1
 0
 1
 0
 1
 0
 16
 2
 783
 12
 96
 0
 108
 0
 4
 0
 45
 27
 17
 891
 37
 2
 48
 0
 6
 0
 6
 5
 118
 33
 809
 0
 92
 0
 4
 0
 3
 0
 1
 0
 0
 923
 1
 25
 2
 8
 72
 5
 57
 23
 52
 0
 571
 0
 7
 0
 0
 0
 0
 0
 0
 48
 0
 942
 4
 42
 14
 1
 7
 4
 5
 3
 27
 1
 971
 1
 0
 0
 0
 0
 0
 24
 0
 32
 0
 949
 0
 0
 0
 0
 0
 0
 0
 0
 0
 0
 843
 3
 16
 24
 0
 0
 151
 0
 1
 0
 3
 958
 1
 12
 1
 0
 1
 0
 1
 0
 16
 2
 782
 11
 97
 0
 106
 0
 4
 0
 44
 26
 17
 894
 37
 2
 48
 0
 6
 0
 6
 5
 118
 32
 809
 0
 88
 0
 4
 0
 3
 0
 1
 0
 0
 923
 1
 25
 2
 7
 71
 5
 58
 23
 51
 0
 579
 0
 7
 0
 0
 0
 0
 0
 0
 48
 0
 942
 4
 42
 14
 1
 7
 4
 5
 3
 26
 1
 971
 1
 0
 0
 0
 0
 0
 24
 0
 32
 0
 950
 0
 0
 0
 0
 0
 0
 0
 0
 0
 0
 842
 3
 16
 25
 0
 0
 152
 0
 1
 0
 3
 958
 1
 12
 1
 0
 1
 0
 1
 0
 16
 2
 783
 11
 98
 0
 103
 0
 4
 0
 45
 26
 17
 895
 36
 2
 46
 0
 6
 0
 6
 5
 118
 31
 810
 0
 88
 0
 4
 0
 3
 0
 1
 0
 0
 924
 1
 25
 2
 7
 71
 5
 57
 22
 50
 0
 584
 0
 7
 0
 0
 0
 0
 0
 0
 48
 0
 943
 4
 42
 14
 1
 7
 4
 5
 3
 25
 1
 971
 1
 0
 0
 0
 0
 0
 23
 0
 31
 0
 950
 0
 0
 0
 0
 0
 0
 0
 0
 0
 0
 842
 3
 16
 26
 0
 0
 148
 0
 1
 0
 3
 958
 1
 12
 0
 0
 1
 0
 1
 0
 16
 2
 785
 11
 98
 0
 103
 0
 4
 0
 44
 26
 18
 893
 36
 2
 46
 0
 6
 0
 6
 5
 116
 32
 811
 0
 88
 0
 4
 0
 3
 0
 1
 0
 0
 925
 0
 25
 2
 6
 72
 5
 55
 22
 50
 0
 590
 0
 6
 0
 0
 0
 0
 0
 0
 46
 0
 944
 4
 42
 14
 1
 8
 4
 5
 4
 24
 1
 972
 1
 0
 0
 0
 0
 0
 23
 0
 30
 0
 951
 0
 0
 0
 0
 0
 0
 0
 0
 0
 0
 842
 3
 16
 26
 0
 0
 147
 0
 1
 0
 3
 958
 1
 12
 0
 0
 1
 0
 1
 0
 16
 2
 786
 11
 97
 0
 101
 0
 4
 0
 44
 26
 17
 894
 36
 2
 46
 0
 7
 0
 6
 5
 116
 32
 812
 0
 88
 0
 4
 0
 3
 0
 1
 0
 0
 926
 0
 25
 2
 6
 72
 5
 55
 22
 50
 0
 594
 0
 5
 0
 0
 0
 0
 0
 0
 46
 0
 944
 4
 42
 14
 1
 8
 3
 5
 4
 23
 1
 972
 1
 0
 0
 0
 0
 0
 22
 0
 30
 0
 951
 0
 0
 0
 0
 0
 0
 0
 0
 0
 0
 844
 3
 17
 26
 0
 0
 147
 0
 1
 0
 3
 958
 1
 12
 0
 0
 1
 0
 1
 0
 16
 2
 787
 11
 96
 0
 101
 0
 4
 0
 44
 26
 17
 894
 36
 1
 45
 0
 7
 0
 6
 5
 115
 32
 811
 0
 88
 0
 4
 0
 3
 0
 1
 0
 0
 927
 0
 25
 2
 6
 70
 5
 54
 22
 52
 0
 595
 0
 5
 0
 0
 0
 0
 0
 0
 46
 0
 944
 4
 42
 14
 1
 8
 3
 5
 4
 23
 1
 972
 1
 0
 0
 0
 0
 0
 22
 0
 30
 0
 951
 0
 0
 0
 0
 0
 0
 0
 0
 0
 0
 845
 3
 17
 27
 0
 0
 147
 0
 1
 0
 2
 958
 1
 12
 0
 0
 1
 0
 1
 0
 16
 2
 788
 11
 95
 0
 101
 0
 4
 0
 43
 26
 17
 893
 36
 1
 44
 0
 7
 0
 7
 5
 114
 32
 812
 0
 86
 0
 4
 0
 3
 0
 1
 0
 0
 928
 0
 25
 2
 6
 70
 5
 54
 22
 52
 0
 598
 0
 5
 0
 0
 0
 0
 0
 0
 46
 0
 944
 4
 42
 14
 1
 8
 3
 5
 4
 23
 1
 972
 1
 0
 0
 0
 0
 0
 21
 0
 30
 0
 951
 0
 0
 0
 0
 0
 0
 0
 0
 0
 0
 845
 3
 17
 25
 0
 0
 149
 0
 1
 0
 2
 959
 1
 12
 0
 0
 1
 0
 1
 0
 16
 1
 789
 11
 95
 0
 101
 0
 3
 0
 43
 26
 17
 895
 36
 1
 44
 0
 7
 0
 7
 5
 114
 32
 813
 0
 86
 0
 4
 0
 3
 0
 1
 0
 0
 929
 0
 25
 2
 6
 70
 5
 54
 22
 51
 0
 598
 0
 5
 0
 0
 0
 0
 0
 0
 45
 0
 944
 4
 42
 14
 1
 7
 3
 5
 4
 21
 1
 973
 1
 0
 0
 0
 0
 0
 21
 0
 30
 0
 951
 0
 0
 0
 0
 0
 0
 0
 0
 0
 0
 847
 3
 18
 26
 0
 0
 147
 0
 1
 0
 1
 959
 1
 12
 0
 0
 1
 0
 1
 0
 16
 1
 788
 11
 95
 0
 100
 0
 3
 0
 43
 26
 17
 894
 38
 1
 43
 0
 7
 0
 7
 5
 114
 32
 812
 0
 86
 0
 4
 0
 3
 0
 1
 0
 0
 932
 0
 24
 2
 6
 70
 5
 54
 22
 50
 0
 602
 0
 5
 0
 0
 0
 0
 0
 0
 44
 0
 944
 4
 41
 13
 1
 7
 3
 5
 2
 21
 1
 973
 1
 0
 0
 0
 0
 0
 21
 0
 31
 0
 952
 0
 0
 0
 0
 0
 0
 0
 0
 0
 0
 846
 3
 18
 27
 0
 0
 147
 0
 1
 0
 0
 959
 1
 11
 0
 0
 1
 0
 1
 0
 16
 1
 788
 11
 96
 0
 100
 0
 3
 0
 42
 26
 17
 894
 39
 1
 43
 0
 7
 0
 7
 5
 116
 32
 809
 0
 85
 0
 3
 0
 3
 0
 1
 0
 0
 932
 0
 24
 2
 6
 73
 5
 53
 22
 51
 0
 603
 0
 6
 0
 0
 0
 0
 0
 0
 44
 0
 945
 4
 41
 13
 1
 6
 3
 5
 2
 21
 0
 973
 1
 0
 0
 0
 0
 0
 21
 0
 31
 0
 952
 0
 0
 0
 0
 0
 0
 0
 0
 0
 0
 845
 3
 18
 27
 0
 0
 147
 0
 1
 0
 0
 958
 1
 12
 0
 0
 1
 0
 1
 0
 17
 1
 791
 10
 96
 0
 98
 0
 3
 0
 42
 27
 17
 893
 39
 1
 43
 0
 7
 0
 7
 5
 114
 33
 810
 0
 83
 0
 3
 0
 3
 0
 1
 0
 0
 932
 0
 23
 2
 6
 73
 5
 52
 22
 50
 0
 608
 0
 6
 0
 0
 0
 0
 0
 0
 44
 0
 948
 4
 41
 13
 1
 6
 3
 5
 2
 20
 0
 973
 1
 0
 0
 0
 0
 0
 21
 0
 29
 0
 952
 0
 0
 0
 0
 0
 0
 0
 0
 0
 0
 846
 3
 18
 27
 0
 0
 147
 0
 1
 0
 0
 958
 0
 12
 0
 0
 1
 0
 1
 0
 17
 1
 792
 11
 93
 0
 98
 0
 3
 0
 42
 27
 17
 893
 39
 1
 43
 0
 7
 0
 7
 5
 112
 33
 812
 0
 82
 0
 3
 0
 3
 0
 1
 0
 0
 933
 0
 23
 2
 6
 72
 5
 54
 21
 51
 0
 609
 0
 6
 0
 0
 0
 0
 0
 0
 44
 0
 948
 4
 41
 13
 1
 6
 3
 5
 2
 20
 0
 973
 1
 0
 0
 0
 0
 0
 20
 0
 29
 0
 952
 0
 0
 0
 0
 0
 0
 0
 0
 0
 0
 846
 3
 18
 27
 0
 0
 144
 0
 1
 0
 0
 958
 0
 12
 0
 0
 1
 0
 1
 0
 17
 2
 792
 11
 91
 0
 98
 0
 3
 0
 42
 27
 17
 893
 39
 1
 42
 0
 7
 0
 7
 4
 112
 33
 814
 0
 82
 0
 3
 0
 4
 0
 1
 0
 0
 933
 0
 23
 2
 6
 72
 5
 54
 21
 51
 0
 613
 0
 6
 0
 0
 0
 0
 0
 0
 44
 0
 948
 4
 42
 12
 1
 6
 3
 5
 2
 20
 0
 973
 1
 0
 0
 0
 0
 0
 20
 0
 29
 0
 951
 0
 0
 0
 0
 0
 0
 0
 0
 0
 0
 847
 4
 18
 27
 0
 0
 144
 0
 1
 0
 0
 958
 0
 12
 0
 0
 1
 0
 1
 0
 18
 2
 795
 11
 91
 0
 98
 0
 3
 0
 40
 26
 17
 893
 39
 1
 41
 0
 7
 0
 7
 4
 109
 32
 814
 0
 81
 0
 3
 0
 4
 0
 1
 0
 0
 933
 0
 23
 2
 5
 72
 5
 54
 22
 51
 0
 615
 0
 5
 0
 0
 0
 0
 0
 0
 44
 0
 948
 4
 42
 12
 1
 6
 3
 5
 2
 20
 0
 974
 1
 0
 0
 0
 0
 0
 20
 0
 29
 0
 952
 0
 0
 0
 0
 0
 0
 0
 0
 0
 0
 847
 4
 18
 27
 0
 0
 143
 0
 1
 0
 0
 958
 0
 12
 0
 0
 1
 0
 1
 0
 18
 2
 795
 11
 92
 0
 97
 0
 3
 0
 40
 26
 17
 893
 40
 1
 40
 0
 7
 0
 7
 4
 108
 32
 812
 0
 80
 0
 3
 0
 4
 0
 1
 0
 0
 933
 0
 23
 2
 5
 72
 5
 55
 22
 51
 0
 619
 0
 5
 0
 0
 0
 0
 0
 0
 44
 0
 948
 4
 42
 12
 1
 6
 3
 5
 2
 20
 0
 974
 1
 0
 0
 0
 0
 0
 20
 0
 29
 0
 952
 0
 0
 0
 0
 0
 0
 0
 0
 0
 0
 847
 4
 18
 27
 0
 0
 144
 0
 1
 0
 0
 959
 0
 12
 0
 0
 1
 0
 1
 0
 18
 2
 796
 11
 92
 0
 96
 0
 3
 0
 40
 25
 17
 894
 40
 1
 38
 0
 7
 0
 7
 4
 108
 31
 812
 0
 78
 0
 3
 0
 4
 0
 1
 0
 0
 934
 0
 23
 2
 5
 72
 5
 54
 22
 51
 0
 623
 0
 5
 0
 0
 0
 0
 0
 0
 44
 0
 948
 4
 42
 12
 1
 6
 3
 5
 2
 20
 0
 974
 1
 0
 0
 0
 0
 0
 19
 0
 29
 0
 952
 0
 0
 0
 0
 0
 0
 0
 0
 0
 0
 847
 4
 18
 27
 0
 0
 144
 0
 1
 0
 0
 959
 0
 11
 0
 0
 1
 0
 1
 0
 18
 2
 796
 11
 92
 0
 96
 0
 3
 0
 40
 25
 17
 895
 40
 1
 38
 0
 7
 0
 7
 4
 109
 31
 811
 0
 78
 0
 3
 0
 4
 0
 1
 0
 0
 933
 0
 23
 2
 5
 72
 5
 54
 22
 52
 0
 623
 0
 5
 0
 0
 0
 0
 0
 0
 45
 0
 948
 4
 42
 12
 1
 5
 3
 5
 2
 20
 0
 974
 1
 0
 0
 0
 0
 0
 19
 0
 29
 0
 952
 0
 0
 0
 0
 0
 0
 0
 0
 0
 0
 845
 4
 18
 27
 0
 0
 143
 0
 1
 0
 0
 959
 0
 11
 0
 0
 1
 0
 1
 0
 18
 2
 794
 11
 92
 0
 96
 0
 3
 0
 41
 25
 17
 895
 40
 1
 38
 0
 7
 0
 7
 4
 109
 31
 811
 0
 77
 0
 3
 0
 4
 0
 1
 0
 0
 932
 0
 23
 2
 5
 73
 5
 56
 22
 52
 0
 625
 0
 5
 0
 0
 0
 0
 0
 0
 45
 0
 948
 4
 41
 12
 1
 5
 3
 5
 2
 20
 0
 974
 1
 0
 0
 0
 0
 0
 20
 0
 29
 0
 953
 0
 0
 0
 0
 0
 0
 0
 0
 0
 0
 845
 4
 18
 27
 0
 0
 143
 0
 1
 0
 0
 959
 0
 11
 0
 0
 1
 0
 1
 0
 17
 2
 796
 11
 93
 0
 97
 0
 3
 0
 41
 25
 17
 895
 39
 1
 37
 0
 7
 0
 7
 4
 107
 31
 811
 0
 76
 0
 3
 0
 4
 0
 1
 0
 0
 933
 0
 23
 2
 5
 75
 5
 56
 22
 52
 0
 626
 0
 5
 0
 0
 0
 0
 0
 0
 44
 0
 948
 4
 40
 11
 1
 5
 3
 5
 2
 20
 0
 974
 1
 0
 0
 0
 0
 0
 20
 0
 29
 0
 954
 0
 0
 0
 0
 0
 0
 0
 0
 0
 0


