# Created by Octave 6.2.0, Sat May 22 15:02:27 2021 GMT <unknown@DESKTOP-PM2CTTO>
# name: confMatrix2
# type: matrix
# ndims: 3
 10 11 50
 774
 2
 21
 20
 0
 1
 164
 0
 1
 0
 1
 937
 0
 11
 2
 0
 0
 0
 1
 0
 14
 8
 624
 10
 52
 0
 110
 0
 6
 0
 86
 39
 16
 867
 38
 3
 73
 0
 14
 0
 16
 9
 236
 50
 828
 0
 149
 0
 4
 0
 15
 0
 5
 9
 2
 872
 13
 42
 14
 24
 70
 3
 81
 29
 68
 0
 452
 0
 16
 0
 1
 0
 0
 0
 0
 76
 1
 902
 6
 52
 23
 2
 17
 4
 10
 8
 38
 0
 937
 1
 0
 0
 0
 0
 0
 40
 0
 56
 1
 923
 0
 0
 0
 0
 0
 0
 0
 0
 0
 0
 760
 1
 11
 18
 0
 0
 139
 0
 0
 0
 1
 940
 0
 10
 1
 0
 0
 0
 2
 0
 16
 9
 660
 14
 54
 0
 116
 0
 8
 0
 89
 37
 17
 866
 38
 2
 66
 0
 17
 0
 13
 9
 209
 53
 822
 0
 136
 0
 4
 0
 13
 0
 3
 2
 2
 884
 8
 39
 12
 26
 89
 2
 85
 32
 76
 0
 500
 0
 15
 0
 1
 0
 0
 0
 0
 71
 1
 916
 5
 58
 18
 2
 15
 4
 7
 7
 34
 0
 936
 1
 0
 0
 0
 1
 0
 36
 0
 45
 1
 915
 0
 0
 0
 0
 0
 0
 0
 0
 0
 0
 759
 1
 10
 17
 0
 0
 130
 0
 0
 0
 1
 944
 1
 8
 2
 0
 1
 0
 1
 0
 16
 9
 687
 19
 59
 0
 121
 0
 9
 0
 88
 34
 13
 869
 39
 2
 59
 0
 17
 0
 14
 9
 193
 52
 817
 0
 134
 0
 4
 0
 11
 0
 2
 2
 1
 890
 5
 36
 10
 23
 93
 1
 82
 29
 76
 0
 518
 0
 11
 0
 1
 0
 1
 0
 0
 67
 2
 923
 5
 57
 17
 2
 11
 3
 6
 8
 30
 0
 942
 1
 0
 0
 0
 1
 0
 33
 0
 41
 1
 919
 0
 0
 0
 0
 0
 0
 0
 0
 0
 0
 763
 1
 11
 16
 0
 0
 126
 0
 0
 0
 2
 946
 1
 8
 2
 0
 0
 0
 1
 0
 21
 8
 692
 19
 67
 0
 121
 0
 7
 0
 82
 33
 12
 868
 36
 2
 54
 0
 14
 0
 13
 9
 186
 51
 812
 0
 125
 0
 3
 0
 8
 0
 3
 2
 1
 899
 2
 34
 8
 23
 94
 1
 81
 32
 77
 0
 541
 0
 11
 0
 1
 0
 1
 0
 0
 60
 2
 926
 5
 55
 16
 2
 13
 3
 5
 7
 29
 0
 950
 1
 0
 0
 0
 1
 0
 32
 0
 40
 1
 921
 0
 0
 0
 0
 0
 0
 0
 0
 0
 0
 767
 1
 10
 16
 0
 0
 125
 0
 0
 0
 2
 945
 1
 7
 2
 0
 0
 0
 1
 0
 23
 9
 701
 16
 72
 0
 114
 0
 4
 0
 77
 32
 11
 875
 37
 2
 52
 0
 12
 0
 11
 9
 184
 47
 809
 0
 114
 0
 4
 0
 8
 0
 3
 2
 1
 902
 1
 34
 7
 21
 96
 1
 76
 33
 74
 0
 566
 0
 11
 0
 1
 0
 1
 0
 0
 60
 1
 927
 4
 53
 15
 3
 13
 4
 5
 6
 27
 0
 956
 1
 0
 0
 0
 0
 0
 30
 0
 39
 1
 925
 0
 0
 0
 0
 0
 0
 0
 0
 0
 0
 769
 1
 10
 16
 0
 0
 122
 0
 0
 0
 2
 945
 1
 7
 1
 0
 1
 0
 1
 0
 25
 8
 710
 15
 69
 0
 115
 0
 3
 0
 74
 32
 12
 881
 34
 2
 51
 0
 12
 0
 11
 8
 178
 45
 812
 0
 107
 0
 3
 0
 8
 0
 2
 1
 2
 904
 1
 34
 5
 20
 95
 3
 73
 31
 77
 0
 574
 0
 9
 1
 1
 0
 1
 0
 0
 60
 1
 928
 3
 54
 15
 3
 13
 4
 5
 5
 28
 0
 963
 0
 0
 0
 0
 0
 0
 29
 0
 38
 1
 925
 0
 0
 0
 0
 0
 0
 0
 0
 0
 0
 773
 2
 10
 17
 0
 0
 125
 0
 0
 0
 2
 944
 0
 6
 2
 0
 0
 0
 1
 0
 28
 7
 718
 13
 70
 0
 115
 0
 3
 0
 75
 34
 12
 883
 34
 2
 52
 0
 12
 0
 8
 7
 177
 45
 817
 0
 106
 0
 3
 0
 6
 0
 1
 1
 1
 908
 1
 33
 4
 18
 93
 3
 73
 30
 71
 0
 571
 0
 7
 1
 0
 0
 1
 0
 0
 56
 0
 929
 3
 55
 15
 3
 8
 5
 5
 4
 30
 0
 966
 0
 0
 0
 0
 0
 0
 30
 0
 38
 1
 926
 0
 0
 0
 0
 0
 0
 0
 0
 0
 0
 778
 2
 10
 19
 0
 0
 124
 0
 0
 0
 2
 945
 0
 6
 2
 0
 0
 0
 1
 0
 28
 6
 734
 12
 68
 0
 110
 0
 3
 0
 69
 34
 12
 881
 34
 2
 51
 0
 12
 0
 7
 7
 168
 45
 823
 0
 111
 0
 3
 0
 6
 0
 1
 1
 1
 911
 1
 32
 4
 19
 95
 3
 67
 30
 67
 0
 574
 0
 6
 1
 0
 0
 1
 0
 0
 55
 0
 931
 3
 53
 15
 3
 7
 6
 5
 4
 29
 0
 967
 0
 0
 0
 0
 0
 0
 28
 0
 37
 1
 927
 0
 0
 0
 0
 0
 0
 0
 0
 0
 0
 782
 3
 9
 21
 0
 0
 126
 0
 0
 0
 1
 947
 0
 6
 2
 0
 0
 0
 1
 0
 27
 4
 743
 14
 72
 0
 111
 0
 3
 0
 67
 34
 11
 879
 34
 2
 51
 0
 8
 0
 8
 7
 166
 44
 822
 0
 109
 0
 3
 0
 5
 0
 1
 1
 2
 915
 1
 32
 4
 19
 94
 3
 62
 30
 63
 0
 574
 0
 7
 1
 1
 0
 1
 0
 0
 54
 0
 932
 3
 53
 15
 2
 7
 5
 5
 3
 28
 0
 970
 0
 0
 0
 0
 0
 0
 26
 0
 36
 1
 927
 0
 0
 0
 0
 0
 0
 0
 0
 0
 0
 785
 3
 9
 20
 0
 0
 128
 0
 0
 0
 1
 946
 0
 5
 2
 0
 0
 0
 1
 0
 26
 5
 746
 14
 78
 0
 114
 0
 3
 0
 67
 34
 12
 880
 33
 2
 50
 0
 7
 1
 8
 7
 163
 45
 821
 0
 109
 0
 4
 0
 5
 0
 0
 1
 2
 918
 1
 31
 4
 17
 91
 3
 62
 29
 59
 0
 570
 0
 6
 1
 1
 0
 1
 0
 0
 53
 0
 933
 3
 55
 16
 2
 7
 6
 5
 2
 28
 0
 971
 0
 0
 0
 0
 0
 0
 25
 0
 36
 1
 926
 0
 0
 0
 0
 0
 0
 0
 0
 0
 0
 785
 3
 9
 20
 0
 0
 132
 0
 0
 0
 1
 946
 0
 6
 2
 0
 0
 0
 1
 0
 25
 5
 745
 15
 79
 0
 114
 0
 4
 0
 67
 34
 13
 882
 32
 2
 47
 0
 6
 1
 9
 7
 162
 45
 823
 0
 107
 0
 5
 0
 5
 0
 0
 1
 2
 923
 1
 29
 4
 15
 91
 3
 63
 26
 57
 0
 571
 0
 5
 1
 1
 0
 1
 0
 0
 53
 0
 938
 3
 55
 16
 2
 7
 5
 5
 2
 28
 0
 971
 0
 0
 0
 0
 0
 0
 20
 0
 33
 1
 928
 0
 0
 0
 0
 0
 0
 0
 0
 0
 0
 785
 3
 11
 20
 0
 0
 129
 0
 0
 0
 1
 947
 0
 6
 2
 0
 1
 0
 1
 0
 26
 5
 752
 13
 79
 0
 114
 0
 4
 0
 66
 33
 13
 883
 36
 2
 47
 0
 6
 1
 8
 7
 157
 48
 821
 0
 103
 0
 5
 0
 4
 0
 0
 1
 1
 924
 1
 29
 4
 13
 92
 3
 61
 24
 56
 0
 578
 0
 5
 1
 1
 0
 1
 0
 0
 52
 0
 939
 3
 54
 17
 2
 5
 5
 5
 2
 27
 0
 971
 0
 0
 0
 0
 0
 0
 20
 0
 32
 1
 931
 0
 0
 0
 0
 0
 0
 0
 0
 0
 0
 788
 3
 10
 21
 0
 0
 129
 0
 0
 0
 1
 947
 0
 6
 1
 0
 1
 0
 1
 0
 27
 5
 755
 11
 82
 0
 114
 0
 5
 0
 63
 33
 13
 884
 37
 2
 47
 0
 6
 0
 8
 7
 155
 48
 819
 0
 106
 0
 5
 0
 4
 0
 0
 1
 2
 926
 0
 27
 4
 11
 91
 3
 61
 24
 54
 0
 577
 0
 4
 1
 1
 0
 1
 0
 0
 51
 0
 942
 3
 56
 17
 2
 5
 5
 5
 2
 26
 0
 971
 0
 0
 0
 0
 0
 0
 19
 0
 31
 1
 932
 0
 0
 0
 0
 0
 0
 0
 0
 0
 0
 791
 2
 10
 20
 0
 0
 129
 0
 0
 0
 1
 948
 0
 6
 0
 0
 1
 0
 1
 0
 27
 5
 759
 12
 81
 0
 113
 0
 6
 0
 62
 32
 13
 885
 38
 2
 47
 0
 6
 0
 7
 7
 152
 47
 821
 0
 100
 0
 5
 0
 4
 0
 0
 1
 2
 926
 0
 26
 4
 11
 90
 4
 60
 24
 53
 0
 585
 0
 5
 1
 1
 0
 1
 0
 0
 51
 0
 944
 4
 56
 16
 2
 5
 5
 5
 2
 25
 0
 969
 0
 1
 0
 0
 0
 0
 19
 0
 30
 0
 932
 0
 0
 0
 0
 0
 0
 0
 0
 0
 0
 793
 2
 11
 20
 0
 0
 127
 0
 0
 0
 1
 949
 0
 7
 0
 0
 1
 0
 1
 0
 26
 5
 762
 13
 82
 0
 114
 0
 6
 0
 61
 31
 12
 882
 37
 2
 47
 0
 6
 0
 7
 7
 148
 47
 818
 0
 99
 0
 6
 0
 4
 0
 0
 1
 2
 930
 0
 26
 4
 11
 90
 4
 61
 24
 54
 0
 587
 0
 5
 1
 1
 0
 1
 0
 0
 48
 0
 945
 4
 56
 16
 2
 5
 6
 7
 2
 25
 0
 968
 0
 1
 0
 0
 0
 0
 18
 0
 29
 0
 932
 0
 0
 0
 0
 0
 0
 0
 0
 0
 0
 793
 2
 11
 19
 0
 0
 124
 0
 0
 0
 1
 949
 0
 8
 0
 0
 1
 0
 1
 0
 26
 5
 765
 14
 81
 0
 114
 0
 6
 0
 62
 31
 12
 882
 36
 2
 47
 0
 5
 0
 7
 7
 146
 46
 821
 0
 96
 0
 6
 0
 4
 0
 0
 1
 2
 932
 0
 26
 4
 11
 89
 4
 60
 24
 53
 0
 593
 0
 5
 1
 1
 0
 1
 0
 0
 46
 0
 947
 4
 56
 16
 2
 5
 6
 7
 2
 25
 0
 969
 0
 1
 0
 0
 0
 0
 18
 0
 27
 0
 932
 0
 0
 0
 0
 0
 0
 0
 0
 0
 0
 796
 3
 11
 19
 0
 0
 123
 0
 0
 0
 1
 950
 0
 8
 0
 0
 1
 0
 1
 0
 25
 5
 765
 15
 81
 0
 114
 0
 6
 0
 61
 30
 12
 884
 36
 2
 48
 0
 5
 0
 6
 7
 146
 45
 822
 0
 96
 0
 6
 0
 5
 0
 0
 0
 1
 933
 0
 26
 4
 10
 89
 3
 58
 23
 53
 0
 593
 0
 5
 1
 0
 0
 1
 0
 0
 46
 0
 947
 4
 55
 16
 2
 6
 6
 7
 2
 25
 0
 969
 0
 1
 0
 1
 0
 0
 17
 0
 27
 0
 934
 0
 0
 0
 0
 0
 0
 0
 0
 0
 0
 798
 3
 10
 20
 0
 0
 125
 0
 0
 0
 1
 950
 0
 7
 0
 0
 1
 0
 1
 0
 24
 5
 767
 15
 82
 0
 111
 0
 6
 0
 62
 30
 12
 884
 36
 2
 46
 0
 5
 0
 6
 8
 144
 45
 821
 0
 97
 0
 7
 0
 4
 0
 0
 0
 1
 933
 0
 26
 3
 10
 87
 2
 59
 23
 53
 0
 595
 0
 5
 1
 0
 0
 1
 0
 0
 46
 0
 947
 4
 54
 17
 2
 6
 6
 7
 2
 25
 0
 969
 0
 1
 0
 1
 0
 0
 17
 0
 27
 0
 935
 0
 0
 0
 0
 0
 0
 0
 0
 0
 0
 800
 3
 10
 20
 0
 0
 125
 0
 0
 0
 1
 952
 0
 7
 0
 0
 1
 0
 1
 0
 19
 4
 766
 15
 82
 0
 109
 0
 6
 0
 62
 29
 12
 884
 36
 2
 46
 0
 5
 0
 6
 7
 145
 45
 821
 0
 97
 0
 7
 0
 4
 0
 0
 0
 1
 933
 0
 26
 3
 10
 91
 3
 59
 23
 53
 0
 598
 0
 5
 1
 0
 0
 1
 0
 0
 46
 0
 946
 4
 53
 16
 2
 6
 6
 7
 2
 24
 0
 969
 0
 1
 0
 1
 0
 0
 17
 0
 28
 0
 936
 0
 0
 0
 0
 0
 0
 0
 0
 0
 0
 801
 3
 10
 20
 0
 0
 123
 0
 0
 0
 1
 953
 0
 7
 1
 0
 1
 0
 1
 0
 19
 4
 768
 15
 82
 0
 109
 0
 6
 0
 61
 29
 12
 885
 36
 2
 46
 0
 5
 0
 6
 6
 142
 43
 820
 0
 97
 0
 7
 0
 4
 0
 0
 0
 1
 934
 0
 25
 3
 10
 91
 3
 61
 24
 53
 0
 600
 0
 5
 1
 0
 0
 1
 0
 0
 46
 0
 948
 4
 53
 16
 2
 5
 6
 7
 1
 24
 0
 969
 0
 1
 0
 1
 0
 0
 17
 0
 27
 0
 936
 0
 0
 0
 0
 0
 0
 0
 0
 0
 0
 801
 3
 10
 20
 0
 0
 123
 0
 0
 0
 1
 953
 0
 8
 1
 0
 1
 0
 1
 0
 18
 4
 767
 15
 82
 0
 105
 0
 5
 0
 61
 29
 12
 886
 35
 1
 47
 0
 4
 0
 6
 5
 143
 42
 823
 0
 96
 0
 7
 0
 4
 0
 0
 0
 1
 935
 0
 25
 3
 9
 91
 4
 61
 23
 51
 0
 604
 0
 5
 1
 0
 0
 1
 0
 0
 46
 0
 948
 4
 52
 17
 2
 5
 6
 7
 1
 24
 0
 971
 0
 1
 0
 1
 0
 0
 17
 0
 27
 0
 938
 0
 0
 0
 0
 0
 0
 0
 0
 0
 0
 802
 3
 9
 19
 0
 0
 120
 0
 0
 0
 1
 953
 0
 8
 1
 0
 1
 0
 1
 0
 18
 4
 771
 15
 82
 0
 104
 0
 5
 0
 60
 29
 13
 889
 35
 1
 48
 0
 5
 0
 6
 5
 141
 41
 824
 0
 95
 0
 6
 0
 5
 0
 0
 0
 1
 935
 0
 25
 2
 9
 91
 4
 59
 23
 50
 0
 608
 0
 5
 1
 0
 0
 1
 0
 0
 46
 0
 949
 4
 52
 16
 2
 5
 5
 7
 1
 24
 0
 972
 0
 1
 0
 1
 0
 0
 17
 0
 26
 0
 938
 0
 0
 0
 0
 0
 0
 0
 0
 0
 0
 801
 3
 9
 19
 0
 0
 121
 0
 0
 0
 1
 954
 0
 8
 1
 0
 1
 0
 1
 0
 18
 4
 772
 14
 82
 0
 101
 0
 5
 0
 60
 27
 13
 889
 36
 1
 47
 0
 5
 0
 6
 5
 140
 41
 825
 0
 94
 0
 6
 0
 5
 0
 0
 0
 1
 935
 0
 24
 2
 9
 92
 5
 60
 24
 48
 0
 612
 0
 5
 1
 0
 0
 1
 0
 0
 46
 0
 950
 4
 52
 16
 2
 5
 5
 7
 1
 24
 0
 972
 0
 1
 0
 0
 0
 0
 17
 0
 26
 0
 938
 0
 0
 0
 0
 0
 0
 0
 0
 0
 0
 800
 3
 9
 19
 0
 0
 119
 0
 0
 0
 1
 953
 0
 8
 1
 0
 1
 0
 1
 0
 18
 4
 773
 14
 82
 0
 101
 0
 5
 0
 61
 28
 13
 889
 36
 1
 45
 0
 4
 0
 6
 5
 139
 41
 824
 0
 94
 0
 6
 0
 5
 0
 0
 0
 1
 934
 0
 24
 2
 9
 92
 5
 60
 24
 49
 0
 616
 0
 5
 1
 0
 0
 1
 0
 0
 46
 0
 951
 4
 51
 16
 2
 5
 5
 7
 1
 24
 0
 973
 0
 1
 0
 0
 0
 0
 18
 0
 25
 0
 939
 0
 0
 0
 0
 0
 0
 0
 0
 0
 0
 800
 4
 9
 18
 0
 0
 118
 0
 0
 0
 2
 953
 0
 8
 1
 0
 1
 0
 1
 0
 18
 4
 774
 14
 82
 0
 97
 0
 5
 0
 62
 27
 13
 889
 36
 1
 44
 0
 4
 0
 5
 5
 138
 41
 824
 0
 94
 0
 6
 0
 5
 0
 0
 0
 1
 934
 0
 23
 2
 7
 92
 5
 60
 25
 49
 0
 623
 0
 5
 1
 0
 0
 1
 0
 0
 46
 0
 950
 4
 50
 15
 2
 5
 5
 7
 1
 23
 0
 973
 0
 1
 0
 0
 0
 0
 18
 0
 27
 0
 942
 0
 0
 0
 0
 0
 0
 0
 0
 0
 0
 797
 4
 9
 18
 0
 0
 116
 0
 1
 0
 2
 954
 0
 7
 1
 0
 1
 0
 1
 0
 18
 4
 775
 14
 81
 0
 96
 0
 5
 0
 64
 26
 13
 891
 36
 1
 44
 0
 4
 0
 5
 5
 135
 40
 826
 0
 92
 0
 5
 0
 5
 0
 0
 0
 1
 935
 0
 23
 2
 5
 93
 5
 62
 25
 48
 0
 628
 0
 5
 1
 0
 0
 1
 0
 0
 46
 0
 950
 4
 50
 15
 2
 5
 5
 7
 1
 23
 0
 973
 0
 1
 0
 0
 0
 0
 17
 0
 27
 0
 944
 0
 0
 0
 0
 0
 0
 0
 0
 0
 0
 800
 4
 9
 18
 0
 0
 114
 0
 2
 0
 2
 955
 0
 7
 1
 0
 1
 0
 1
 0
 16
 3
 775
 14
 80
 0
 94
 0
 3
 0
 63
 26
 13
 892
 36
 1
 46
 0
 4
 0
 5
 5
 133
 39
 827
 0
 92
 0
 5
 0
 5
 0
 0
 0
 1
 936
 0
 23
 2
 5
 93
 5
 64
 25
 48
 0
 630
 0
 5
 1
 0
 0
 1
 0
 0
 44
 0
 950
 4
 49
 15
 2
 5
 5
 7
 2
 23
 0
 974
 0
 1
 0
 0
 0
 0
 17
 0
 27
 0
 945
 0
 0
 0
 0
 0
 0
 0
 0
 0
 0
 799
 4
 10
 17
 0
 0
 115
 0
 2
 0
 2
 955
 0
 7
 1
 0
 1
 0
 1
 0
 17
 3
 773
 14
 80
 0
 93
 0
 3
 0
 65
 26
 13
 893
 36
 1
 46
 0
 4
 0
 5
 5
 133
 39
 828
 0
 93
 0
 5
 0
 5
 0
 0
 0
 1
 935
 0
 23
 2
 5
 91
 5
 66
 25
 48
 0
 629
 0
 5
 1
 0
 0
 1
 0
 0
 45
 0
 951
 4
 49
 15
 2
 4
 5
 6
 2
 23
 0
 974
 0
 1
 0
 0
 0
 0
 17
 0
 26
 0
 945
 0
 0
 0
 0
 0
 0
 0
 0
 0
 0
 798
 4
 11
 17
 0
 0
 114
 0
 2
 0
 2
 955
 0
 7
 1
 0
 1
 0
 1
 0
 17
 4
 774
 14
 80
 0
 93
 0
 3
 0
 65
 25
 13
 894
 37
 1
 46
 0
 4
 0
 5
 5
 130
 38
 825
 0
 92
 0
 5
 0
 5
 0
 0
 0
 1
 936
 0
 23
 2
 5
 92
 5
 67
 25
 50
 0
 631
 0
 5
 1
 0
 0
 1
 0
 0
 44
 0
 953
 4
 48
 15
 2
 4
 5
 6
 2
 23
 0
 974
 0
 1
 0
 0
 0
 0
 17
 0
 24
 0
 946
 0
 0
 0
 0
 0
 0
 0
 0
 0
 0
 798
 4
 11
 17
 0
 0
 115
 0
 2
 0
 2
 955
 0
 7
 1
 0
 1
 0
 1
 0
 16
 4
 773
 14
 79
 0
 91
 0
 3
 0
 66
 25
 13
 894
 37
 1
 45
 0
 4
 0
 5
 5
 130
 38
 825
 0
 91
 0
 5
 0
 5
 0
 0
 0
 1
 937
 0
 23
 2
 6
 92
 5
 68
 25
 52
 0
 634
 0
 4
 1
 0
 0
 1
 0
 0
 43
 0
 953
 4
 48
 15
 2
 4
 5
 5
 2
 23
 0
 975
 0
 1
 0
 0
 0
 0
 17
 0
 24
 0
 945
 0
 0
 0
 0
 0
 0
 0
 0
 0
 0
 796
 4
 11
 17
 0
 0
 116
 0
 2
 0
 2
 955
 0
 7
 1
 0
 1
 0
 1
 0
 17
 4
 773
 14
 78
 0
 92
 0
 3
 0
 67
 25
 13
 894
 37
 1
 44
 0
 4
 0
 5
 5
 129
 38
 826
 0
 91
 0
 5
 0
 5
 0
 0
 0
 1
 937
 0
 23
 2
 6
 92
 5
 69
 25
 52
 0
 633
 0
 4
 1
 0
 0
 1
 0
 0
 43
 0
 953
 4
 47
 15
 2
 4
 5
 5
 2
 23
 0
 975
 0
 1
 0
 0
 0
 0
 17
 0
 24
 0
 946
 0
 0
 0
 0
 0
 0
 0
 0
 0
 0
 796
 4
 11
 16
 0
 0
 115
 0
 2
 0
 2
 955
 0
 7
 0
 0
 1
 0
 1
 0
 17
 4
 772
 15
 77
 0
 91
 0
 3
 0
 66
 25
 13
 895
 36
 1
 44
 0
 4
 0
 5
 5
 128
 37
 828
 0
 90
 0
 5
 0
 5
 0
 0
 0
 1
 938
 0
 23
 2
 6
 93
 5
 71
 25
 53
 0
 636
 0
 4
 1
 0
 0
 1
 0
 0
 42
 0
 953
 4
 47
 15
 2
 4
 5
 5
 2
 23
 0
 975
 0
 1
 0
 0
 0
 0
 17
 0
 24
 0
 946
 0
 0
 0
 0
 0
 0
 0
 0
 0
 0
 797
 4
 11
 16
 0
 0
 115
 0
 2
 0
 2
 956
 0
 7
 0
 0
 1
 0
 1
 0
 17
 3
 770
 15
 77
 0
 92
 0
 3
 0
 65
 25
 13
 895
 36
 1
 42
 0
 4
 0
 5
 5
 128
 37
 828
 0
 90
 0
 5
 0
 5
 0
 0
 0
 1
 940
 0
 23
 2
 6
 93
 5
 73
 25
 53
 0
 637
 0
 4
 1
 0
 0
 1
 0
 0
 40
 0
 953
 4
 46
 15
 2
 4
 5
 5
 2
 23
 0
 975
 0
 1
 0
 0
 0
 0
 17
 0
 24
 0
 947
 0
 0
 0
 0
 0
 0
 0
 0
 0
 0
 798
 4
 12
 16
 0
 0
 115
 0
 2
 0
 2
 956
 0
 7
 0
 0
 1
 0
 0
 0
 16
 3
 768
 14
 77
 0
 92
 0
 4
 0
 65
 25
 13
 897
 36
 1
 42
 0
 4
 0
 5
 5
 128
 35
 828
 0
 90
 0
 5
 0
 5
 0
 0
 0
 1
 940
 0
 23
 2
 6
 93
 5
 74
 26
 53
 0
 639
 0
 4
 1
 0
 0
 1
 0
 0
 40
 0
 953
 4
 46
 15
 2
 4
 5
 5
 2
 21
 0
 975
 0
 1
 0
 0
 0
 0
 17
 0
 24
 0
 947
 0
 0
 0
 0
 0
 0
 0
 0
 0
 0
 799
 4
 12
 15
 0
 0
 115
 0
 2
 0
 2
 956
 0
 7
 0
 0
 1
 0
 0
 0
 16
 3
 769
 14
 77
 0
 93
 0
 4
 0
 65
 25
 13
 899
 36
 1
 42
 0
 4
 0
 5
 5
 128
 35
 828
 0
 89
 0
 5
 0
 5
 0
 0
 0
 1
 941
 0
 24
 2
 6
 92
 5
 74
 26
 53
 0
 641
 0
 4
 1
 0
 0
 1
 0
 0
 40
 0
 952
 4
 46
 15
 2
 3
 4
 5
 2
 19
 0
 975
 0
 1
 0
 0
 0
 0
 16
 0
 24
 0
 947
 0
 0
 0
 0
 0
 0
 0
 0
 0
 0
 798
 4
 12
 15
 0
 0
 116
 0
 2
 0
 2
 956
 0
 7
 0
 0
 1
 0
 0
 0
 16
 3
 769
 13
 75
 0
 93
 0
 4
 0
 65
 25
 13
 901
 36
 1
 42
 0
 4
 0
 5
 5
 128
 34
 830
 0
 88
 0
 5
 0
 5
 0
 0
 0
 1
 941
 0
 24
 2
 6
 93
 5
 74
 26
 53
 0
 642
 0
 4
 1
 0
 0
 1
 0
 0
 40
 0
 952
 4
 46
 15
 2
 3
 4
 5
 2
 18
 0
 975
 0
 1
 0
 0
 0
 0
 16
 0
 24
 0
 947
 0
 0
 0
 0
 0
 0
 0
 0
 0
 0
 798
 4
 12
 15
 0
 0
 117
 0
 2
 0
 2
 956
 0
 7
 0
 0
 1
 0
 0
 0
 16
 3
 768
 13
 74
 0
 92
 0
 5
 0
 65
 25
 13
 901
 36
 1
 42
 0
 4
 0
 5
 5
 128
 34
 828
 0
 88
 0
 5
 0
 5
 0
 0
 0
 1
 941
 0
 24
 2
 6
 93
 5
 74
 26
 56
 0
 643
 0
 4
 1
 0
 0
 1
 0
 0
 41
 0
 952
 4
 46
 15
 2
 4
 4
 5
 1
 17
 0
 974
 0
 1
 0
 0
 0
 0
 16
 0
 24
 0
 947
 0
 0
 0
 0
 0
 0
 0
 0
 0
 0
 798
 4
 12
 15
 0
 0
 116
 0
 2
 0
 2
 957
 0
 7
 0
 0
 1
 0
 0
 0
 16
 3
 764
 13
 74
 0
 91
 0
 5
 0
 65
 24
 13
 900
 37
 1
 42
 0
 4
 0
 5
 5
 130
 35
 827
 0
 88
 0
 5
 0
 5
 0
 0
 0
 1
 941
 0
 24
 2
 6
 92
 5
 76
 26
 56
 0
 645
 0
 4
 1
 0
 0
 1
 0
 0
 41
 0
 952
 4
 46
 16
 2
 4
 4
 5
 1
 17
 0
 974
 0
 1
 0
 0
 0
 0
 16
 0
 24
 0
 947
 0
 0
 0
 0
 0
 0
 0
 0
 0
 0
 798
 4
 12
 15
 0
 0
 117
 0
 2
 0
 2
 957
 0
 7
 0
 0
 1
 0
 0
 0
 16
 3
 767
 13
 73
 0
 92
 0
 5
 0
 65
 24
 13
 900
 37
 1
 42
 0
 4
 0
 5
 5
 128
 35
 829
 0
 87
 0
 5
 0
 4
 0
 0
 0
 1
 942
 0
 24
 2
 6
 93
 6
 75
 26
 55
 0
 644
 0
 4
 1
 0
 0
 1
 0
 0
 41
 0
 953
 4
 46
 16
 1
 4
 4
 5
 1
 17
 0
 974
 0
 1
 0
 0
 0
 0
 15
 0
 23
 0
 947
 0
 0
 0
 0
 0
 0
 0
 0
 0
 0
 799
 4
 12
 14
 0
 0
 117
 0
 2
 0
 2
 957
 0
 7
 0
 0
 2
 0
 0
 0
 16
 3
 767
 14
 73
 0
 92
 0
 4
 0
 64
 24
 13
 901
 37
 1
 42
 0
 4
 0
 5
 5
 128
 35
 829
 0
 86
 0
 5
 0
 4
 0
 0
 0
 1
 942
 0
 24
 2
 6
 93
 6
 75
 25
 55
 0
 644
 0
 5
 1
 0
 0
 1
 0
 0
 41
 0
 953
 4
 47
 16
 1
 4
 4
 5
 1
 17
 0
 974
 0
 1
 0
 0
 0
 0
 15
 0
 23
 0
 946
 0
 0
 0
 0
 0
 0
 0
 0
 0
 0
 800
 4
 12
 14
 0
 0
 117
 0
 2
 0
 2
 957
 0
 7
 0
 0
 2
 0
 0
 0
 16
 3
 767
 15
 75
 0
 92
 0
 4
 0
 64
 24
 13
 901
 38
 1
 41
 0
 4
 0
 5
 5
 129
 34
 826
 0
 86
 0
 5
 0
 4
 0
 0
 0
 1
 943
 0
 24
 2
 6
 92
 6
 74
 25
 55
 0
 645
 0
 5
 1
 0
 0
 1
 0
 0
 41
 0
 953
 4
 47
 16
 1
 4
 4
 5
 1
 17
 0
 974
 0
 1
 0
 0
 0
 0
 14
 0
 23
 0
 946
 0
 0
 0
 0
 0
 0
 0
 0
 0
 0
 800
 4
 12
 14
 0
 0
 115
 0
 2
 0
 2
 957
 0
 7
 0
 0
 2
 0
 0
 0
 16
 3
 767
 15
 74
 0
 93
 0
 4
 0
 64
 24
 13
 901
 39
 1
 41
 0
 4
 0
 5
 5
 129
 34
 825
 0
 87
 0
 5
 0
 4
 0
 0
 0
 0
 943
 0
 24
 2
 5
 92
 6
 74
 25
 57
 0
 645
 0
 5
 1
 0
 0
 1
 0
 0
 41
 0
 953
 4
 47
 16
 1
 4
 4
 5
 1
 17
 0
 974
 0
 1
 0
 0
 0
 0
 14
 0
 23
 0
 947
 0
 0
 0
 0
 0
 0
 0
 0
 0
 0
 801
 4
 12
 14
 0
 0
 114
 0
 2
 0
 2
 957
 0
 7
 0
 0
 2
 0
 0
 0
 16
 3
 767
 15
 73
 0
 93
 0
 4
 0
 63
 24
 13
 901
 39
 1
 42
 0
 4
 0
 5
 5
 129
 34
 826
 0
 87
 0
 5
 0
 4
 0
 0
 0
 0
 944
 0
 24
 2
 5
 92
 6
 74
 25
 57
 0
 645
 0
 4
 1
 0
 0
 1
 0
 0
 40
 0
 953
 4
 47
 16
 1
 4
 4
 5
 1
 17
 0
 975
 0
 1
 0
 0
 0
 0
 14
 0
 23
 0
 947
 0
 0
 0
 0
 0
 0
 0
 0
 0
 0
 800
 4
 12
 14
 0
 0
 113
 0
 2
 0
 2
 957
 0
 7
 0
 0
 2
 0
 0
 0
 16
 3
 768
 15
 72
 0
 92
 0
 4
 0
 64
 24
 13
 901
 39
 1
 42
 0
 4
 0
 5
 5
 127
 34
 826
 0
 87
 0
 5
 0
 4
 0
 0
 0
 0
 944
 0
 23
 3
 5
 92
 6
 75
 25
 58
 0
 647
 0
 4
 1
 0
 0
 1
 0
 0
 40
 0
 954
 4
 48
 16
 1
 4
 4
 5
 1
 17
 0
 974
 0
 1
 0
 0
 0
 0
 14
 0
 23
 0
 946
 0
 0
 0
 0
 0
 0
 0
 0
 0
 0
 799
 4
 12
 15
 0
 0
 113
 0
 2
 0
 2
 957
 0
 8
 0
 0
 2
 0
 0
 0
 16
 3
 768
 15
 72
 0
 91
 0
 4
 0
 63
 24
 14
 900
 39
 1
 42
 0
 4
 0
 5
 5
 126
 33
 826
 0
 87
 0
 5
 0
 3
 0
 0
 0
 0
 945
 0
 22
 3
 5
 95
 6
 75
 25
 58
 0
 648
 0
 4
 1
 0
 0
 1
 0
 0
 39
 0
 955
 4
 48
 16
 1
 4
 4
 5
 1
 17
 0
 974
 0
 1
 0
 0
 0
 0
 14
 0
 23
 0
 946
 0
 0
 0
 0
 0
 0
 0
 0
 0
 0
 797
 4
 12
 15
 0
 0
 113
 0
 2
 0
 2
 957
 0
 8
 0
 0
 2
 0
 0
 0
 17
 3
 768
 15
 72
 0
 91
 0
 3
 0
 63
 24
 14
 901
 39
 1
 41
 0
 4
 0
 5
 5
 125
 33
 825
 0
 86
 0
 5
 0
 3
 0
 0
 0
 0
 945
 0
 22
 3
 5
 96
 6
 76
 24
 59
 0
 650
 0
 4
 1
 0
 0
 1
 0
 0
 39
 0
 955
 4
 48
 16
 1
 4
 4
 5
 1
 17
 0
 975
 0
 1
 0
 0
 0
 0
 14
 0
 23
 0
 946
 0
 0
 0
 0
 0
 0
 0
 0
 0
 0
 798
 4
 12
 15
 0
 0
 112
 0
 2
 0
 1
 957
 0
 8
 0
 0
 2
 0
 0
 0
 17
 3
 769
 15
 72
 0
 91
 0
 3
 0
 63
 24
 14
 901
 39
 1
 40
 0
 4
 0
 5
 5
 125
 33
 825
 0
 87
 0
 5
 0
 3
 0
 0
 0
 0
 945
 0
 22
 3
 5
 96
 6
 76
 24
 59
 0
 651
 0
 4
 1
 0
 0
 1
 0
 0
 39
 0
 955
 4
 48
 16
 1
 3
 4
 5
 1
 17
 0
 975
 0
 1
 0
 0
 0
 0
 14
 0
 23
 0
 946
 0
 0
 0
 0
 0
 0
 0
 0
 0
 0
 798
 4
 12
 15
 0
 0
 114
 0
 2
 0
 1
 957
 0
 8
 0
 0
 2
 0
 0
 0
 17
 3
 769
 15
 72
 0
 91
 0
 3
 0
 64
 24
 14
 902
 39
 1
 40
 0
 4
 0
 4
 5
 124
 33
 825
 0
 86
 0
 5
 0
 3
 0
 0
 0
 0
 945
 0
 22
 3
 5
 96
 6
 77
 23
 59
 0
 650
 0
 4
 1
 0
 0
 1
 0
 0
 39
 0
 956
 4
 48
 16
 1
 3
 4
 5
 1
 17
 0
 975
 0
 1
 0
 0
 0
 0
 14
 0
 22
 0
 946
 0
 0
 0
 0
 0
 0
 0
 0
 0
 0
 797
 4
 12
 15
 0
 0
 114
 0
 2
 0
 1
 957
 0
 8
 0
 0
 2
 0
 0
 0
 18
 3
 769
 15
 72
 0
 87
 0
 3
 0
 64
 24
 14
 902
 40
 1
 40
 0
 4
 0
 4
 5
 124
 33
 823
 0
 88
 0
 5
 0
 3
 0
 0
 0
 0
 945
 0
 22
 3
 5
 96
 6
 77
 23
 60
 0
 652
 0
 4
 1
 0
 0
 1
 0
 0
 39
 0
 956
 4
 48
 16
 1
 3
 4
 5
 1
 17
 0
 975
 0
 1
 0
 0
 0
 0
 14
 0
 22
 0
 946
 0
 0
 0
 0
 0
 0
 0
 0
 0
 0
 797
 4
 10
 15
 0
 0
 113
 0
 2
 0
 1
 957
 0
 8
 0
 0
 2
 0
 0
 0
 18
 3
 770
 15
 71
 0
 88
 0
 3
 0
 64
 24
 14
 902
 40
 1
 40
 0
 4
 0
 4
 5
 124
 33
 824
 0
 88
 0
 5
 0
 3
 0
 0
 0
 0
 945
 0
 22
 3
 5
 96
 6
 78
 23
 60
 0
 652
 0
 4
 1
 0
 0
 1
 0
 0
 38
 0
 956
 4
 48
 16
 1
 3
 4
 5
 1
 17
 0
 975
 0
 1
 0
 0
 0
 0
 15
 0
 22
 0
 946
 0
 0
 0
 0
 0
 0
 0
 0
 0
 0


