# Created by Octave 6.2.0, Fri May 21 16:31:59 2021 GMT <unknown@DESKTOP-PM2CTTO>
# name: confMatrix1
# type: matrix
# ndims: 3
 10 11 50
 1441
 0
 2
 3
 0
 0
 142
 0
 0
 0
 3139
 5819
 201
 5358
 845
 6
 1193
 0
 180
 6
 0
 0
 0
 0
 0
 0
 0
 0
 0
 0
 0
 0
 0
 0
 0
 0
 0
 0
 0
 0
 781
 111
 4636
 334
 4681
 0
 3217
 0
 433
 8
 571
 62
 933
 292
 389
 5057
 1186
 5183
 824
 306
 0
 0
 0
 0
 0
 0
 0
 0
 0
 0
 0
 0
 0
 0
 0
 0
 0
 1
 0
 0
 0
 0
 0
 0
 0
 0
 0
 0
 0
 0
 68
 8
 228
 13
 85
 937
 262
 816
 4563
 5680
 0
 0
 0
 0
 0
 0
 0
 0
 0
 0
 3557
 21
 62
 371
 230
 0
 989
 0
 57
 1
 1778
 5840
 175
 5303
 718
 12
 778
 0
 79
 4
 22
 21
 569
 3
 119
 0
 200
 0
 8
 0
 49
 1
 4
 51
 12
 3
 21
 0
 145
 4
 414
 104
 4598
 247
 4703
 0
 3239
 0
 237
 12
 87
 7
 330
 14
 128
 768
 430
 10
 192
 19
 0
 0
 0
 0
 0
 0
 0
 0
 0
 0
 6
 0
 2
 0
 0
 3422
 7
 5303
 413
 276
 76
 6
 259
 10
 89
 2
 330
 0
 3238
 1
 11
 0
 1
 1
 1
 1793
 6
 687
 1631
 5683
 0
 0
 0
 0
 0
 0
 0
 0
 0
 0
 4907
 132
 224
 1092
 570
 0
 1711
 0
 81
 4
 158
 5671
 19
 2210
 193
 0
 48
 0
 7
 0
 77
 63
 2327
 11
 568
 0
 938
 0
 49
 0
 454
 62
 34
 2508
 314
 6
 208
 0
 148
 6
 72
 54
 2764
 114
 4071
 0
 2176
 0
 42
 1
 179
 13
 279
 40
 116
 1921
 431
 112
 169
 36
 0
 0
 0
 0
 1
 0
 0
 0
 0
 0
 1
 0
 0
 0
 0
 2570
 1
 5266
 163
 317
 149
 5
 353
 25
 166
 36
 485
 1
 5318
 4
 3
 0
 0
 0
 1
 1467
 2
 621
 23
 5632
 0
 0
 0
 0
 0
 0
 0
 0
 0
 0
 4893
 89
 232
 673
 157
 0
 1711
 0
 44
 1
 62
 5581
 12
 266
 92
 0
 23
 0
 6
 0
 72
 90
 3072
 26
 826
 0
 1210
 0
 55
 0
 575
 179
 56
 4822
 635
 7
 283
 0
 158
 4
 38
 40
 2004
 117
 3986
 0
 1842
 0
 27
 1
 201
 16
 311
 59
 133
 3257
 468
 239
 166
 67
 0
 0
 18
 5
 12
 0
 26
 0
 1
 0
 1
 0
 0
 0
 0
 1700
 0
 5145
 67
 304
 155
 5
 295
 32
 158
 97
 435
 6
 5461
 5
 3
 0
 0
 0
 1
 939
 2
 610
 15
 5618
 0
 0
 0
 0
 0
 0
 0
 0
 0
 0
 4837
 50
 233
 453
 40
 0
 1629
 0
 27
 1
 59
 5590
 14
 109
 69
 0
 25
 0
 7
 0
 72
 109
 3385
 37
 1011
 0
 1330
 0
 61
 0
 645
 206
 61
 5148
 686
 8
 363
 0
 152
 3
 38
 28
 1723
 144
 3877
 0
 1706
 0
 26
 1
 184
 12
 319
 59
 137
 4101
 476
 322
 165
 78
 8
 1
 40
 20
 35
 0
 71
 0
 3
 0
 1
 0
 0
 0
 0
 1243
 1
 5068
 55
 295
 153
 3
 225
 30
 144
 97
 397
 8
 5491
 5
 3
 1
 0
 0
 1
 551
 2
 602
 13
 5617
 0
 0
 0
 0
 0
 0
 0
 0
 0
 0
 4851
 34
 216
 362
 28
 1
 1583
 0
 23
 0
 65
 5590
 16
 101
 67
 0
 28
 0
 8
 2
 79
 115
 3595
 40
 1110
 0
 1447
 0
 67
 0
 650
 220
 60
 5193
 612
 6
 387
 0
 137
 3
 45
 25
 1577
 189
 3906
 0
 1674
 0
 28
 0
 144
 10
 285
 53
 114
 4506
 417
 363
 144
 81
 12
 2
 66
 34
 53
 0
 118
 0
 2
 0
 1
 0
 0
 0
 0
 989
 1
 5027
 45
 295
 150
 3
 185
 27
 109
 86
 343
 11
 5530
 5
 3
 1
 0
 1
 1
 412
 2
 599
 16
 5614
 0
 0
 0
 0
 0
 0
 0
 0
 0
 0
 4867
 27
 190
 323
 21
 2
 1566
 0
 22
 0
 66
 5595
 15
 90
 68
 0
 30
 0
 8
 2
 87
 117
 3772
 48
 1145
 0
 1511
 0
 88
 0
 638
 224
 56
 5197
 543
 5
 381
 0
 125
 4
 52
 23
 1493
 210
 3976
 0
 1674
 0
 28
 0
 113
 9
 229
 45
 88
 4714
 333
 382
 129
 86
 21
 2
 89
 58
 66
 0
 190
 0
 3
 0
 1
 0
 0
 0
 0
 851
 0
 5023
 40
 301
 152
 2
 156
 28
 92
 80
 313
 11
 5541
 5
 3
 1
 0
 1
 1
 348
 2
 584
 16
 5602
 0
 0
 0
 0
 0
 0
 0
 0
 0
 0
 4875
 20
 164
 316
 14
 2
 1538
 0
 20
 0
 65
 5605
 19
 92
 64
 1
 32
 0
 7
 2
 101
 120
 3904
 47
 1091
 0
 1504
 0
 96
 0
 631
 217
 56
 5192
 478
 5
 372
 0
 111
 3
 47
 25
 1424
 206
 4114
 0
 1676
 0
 32
 0
 88
 6
 175
 34
 66
 4880
 266
 383
 121
 93
 35
 4
 117
 85
 92
 0
 314
 0
 7
 0
 1
 0
 0
 0
 0
 716
 0
 5033
 38
 299
 154
 2
 141
 27
 80
 77
 295
 11
 5552
 4
 3
 1
 0
 1
 1
 319
 3
 573
 16
 5599
 0
 0
 0
 0
 0
 0
 0
 0
 0
 0
 4885
 16
 150
 300
 12
 4
 1521
 0
 20
 0
 65
 5613
 18
 95
 62
 1
 31
 0
 7
 2
 115
 121
 3983
 49
 1007
 1
 1435
 0
 100
 0
 612
 213
 50
 5176
 434
 6
 358
 0
 106
 3
 44
 24
 1375
 213
 4246
 0
 1690
 0
 32
 0
 72
 5
 131
 25
 58
 4984
 216
 380
 109
 95
 46
 5
 167
 114
 109
 0
 471
 0
 11
 0
 1
 0
 0
 0
 0
 629
 2
 5052
 37
 298
 157
 2
 126
 27
 71
 74
 273
 12
 5563
 4
 3
 1
 0
 1
 1
 301
 3
 556
 15
 5598
 0
 0
 0
 0
 0
 0
 0
 0
 0
 0
 4901
 13
 136
 296
 10
 4
 1522
 0
 19
 0
 59
 5624
 18
 98
 59
 1
 34
 0
 7
 2
 125
 120
 4051
 48
 894
 1
 1313
 0
 98
 0
 593
 207
 48
 5178
 391
 4
 346
 0
 99
 2
 41
 23
 1332
 192
 4396
 0
 1656
 0
 32
 0
 57
 4
 110
 20
 51
 5060
 169
 371
 100
 97
 67
 6
 188
 139
 132
 0
 696
 0
 15
 0
 1
 0
 0
 0
 0
 574
 2
 5075
 36
 295
 153
 2
 117
 28
 66
 65
 259
 11
 5579
 4
 3
 1
 0
 1
 1
 291
 3
 543
 15
 5600
 0
 0
 0
 0
 0
 0
 0
 0
 0
 0
 4902
 11
 127
 299
 10
 4
 1517
 0
 20
 0
 63
 5629
 16
 94
 54
 1
 33
 0
 5
 2
 129
 119
 4082
 51
 772
 1
 1202
 0
 91
 0
 581
 204
 48
 5185
 356
 4
 334
 0
 90
 2
 38
 25
 1297
 183
 4536
 0
 1599
 0
 31
 0
 45
 3
 89
 16
 41
 5156
 140
 367
 91
 100
 85
 6
 228
 146
 172
 0
 924
 0
 31
 0
 1
 0
 0
 0
 0
 506
 1
 5095
 32
 286
 153
 2
 113
 25
 58
 59
 247
 11
 5594
 4
 3
 1
 0
 1
 1
 269
 3
 527
 15
 5606
 0
 0
 0
 0
 0
 0
 0
 0
 0
 0
 4910
 11
 116
 287
 12
 4
 1499
 0
 19
 0
 66
 5638
 17
 97
 49
 1
 29
 0
 6
 2
 130
 116
 4110
 55
 664
 1
 1096
 0
 87
 0
 556
 200
 49
 5189
 339
 3
 320
 0
 84
 3
 36
 24
 1256
 178
 4627
 0
 1523
 0
 32
 0
 40
 1
 76
 10
 34
 5217
 118
 355
 83
 100
 105
 7
 268
 158
 220
 0
 1172
 0
 37
 0
 1
 0
 0
 0
 0
 463
 1
 5117
 31
 284
 153
 2
 108
 25
 54
 58
 239
 12
 5607
 4
 3
 1
 0
 1
 1
 253
 3
 516
 14
 5607
 0
 0
 0
 0
 0
 0
 0
 0
 0
 0
 4936
 12
 108
 282
 12
 4
 1490
 0
 19
 0
 67
 5643
 17
 97
 45
 1
 29
 0
 6
 2
 129
 115
 4155
 62
 600
 1
 1024
 0
 76
 0
 530
 198
 50
 5171
 320
 3
 304
 0
 81
 3
 31
 20
 1212
 191
 4671
 0
 1397
 0
 31
 0
 31
 1
 62
 10
 28
 5260
 94
 356
 81
 101
 121
 8
 296
 160
 271
 0
 1427
 0
 56
 0
 1
 0
 0
 0
 0
 427
 1
 5126
 28
 279
 151
 2
 100
 26
 52
 58
 230
 12
 5608
 4
 3
 1
 0
 1
 1
 246
 4
 506
 14
 5611
 0
 0
 0
 0
 0
 0
 0
 0
 0
 0
 4947
 11
 103
 278
 11
 5
 1481
 0
 18
 0
 69
 5652
 17
 94
 41
 1
 30
 0
 5
 2
 134
 115
 4175
 67
 536
 1
 968
 0
 76
 0
 508
 191
 49
 5169
 304
 4
 291
 0
 81
 3
 30
 17
 1173
 201
 4719
 0
 1248
 0
 30
 0
 26
 1
 51
 9
 21
 5296
 76
 348
 72
 104
 134
 10
 338
 157
 316
 0
 1687
 0
 62
 0
 1
 0
 0
 0
 0
 399
 1
 5149
 26
 277
 148
 2
 94
 24
 51
 56
 215
 12
 5616
 4
 3
 1
 0
 1
 1
 238
 3
 491
 14
 5610
 0
 0
 0
 0
 0
 0
 0
 0
 0
 0
 4965
 10
 101
 278
 12
 6
 1460
 0
 16
 0
 69
 5654
 16
 92
 34
 1
 31
 0
 5
 2
 128
 116
 4204
 71
 491
 1
 925
 0
 71
 0
 489
 191
 47
 5168
 288
 5
 285
 0
 79
 3
 29
 14
 1123
 200
 4749
 0
 1116
 0
 31
 0
 25
 1
 43
 8
 15
 5323
 67
 339
 67
 105
 151
 11
 376
 158
 357
 1
 1905
 0
 72
 0
 1
 0
 0
 0
 0
 382
 1
 5165
 26
 277
 140
 2
 90
 24
 53
 52
 207
 14
 5620
 3
 3
 1
 0
 1
 1
 229
 3
 482
 13
 5610
 0
 0
 0
 0
 0
 0
 0
 0
 0
 0
 4982
 11
 95
 276
 12
 6
 1445
 0
 16
 0
 71
 5655
 16
 93
 33
 1
 33
 0
 5
 2
 129
 115
 4224
 80
 467
 0
 897
 0
 68
 0
 469
 189
 48
 5159
 273
 5
 277
 0
 78
 3
 31
 16
 1096
 204
 4755
 0
 997
 0
 31
 0
 20
 1
 32
 6
 13
 5345
 57
 326
 67
 107
 159
 10
 403
 157
 392
 1
 2090
 0
 77
 0
 1
 0
 0
 0
 0
 370
 1
 5184
 25
 272
 135
 2
 86
 24
 54
 49
 200
 14
 5619
 3
 3
 1
 0
 1
 1
 223
 3
 476
 14
 5613
 0
 0
 0
 0
 0
 0
 0
 0
 0
 0
 4994
 11
 95
 271
 12
 6
 1420
 0
 15
 0
 70
 5660
 15
 94
 26
 1
 33
 0
 5
 2
 128
 113
 4257
 85
 462
 0
 888
 0
 66
 0
 452
 186
 48
 5156
 260
 5
 271
 0
 76
 2
 32
 16
 1057
 209
 4762
 0
 903
 0
 31
 0
 18
 1
 24
 5
 13
 5366
 45
 311
 65
 111
 172
 10
 418
 156
 414
 1
 2251
 0
 81
 0
 0
 0
 0
 0
 0
 359
 1
 5208
 25
 270
 131
 2
 86
 23
 50
 46
 186
 13
 5622
 3
 3
 1
 0
 1
 1
 216
 2
 468
 14
 5612
 0
 0
 0
 0
 0
 0
 0
 0
 0
 0
 5009
 11
 91
 265
 13
 6
 1401
 0
 16
 0
 65
 5663
 15
 95
 24
 1
 32
 0
 4
 2
 125
 111
 4283
 88
 452
 0
 867
 0
 68
 0
 439
 184
 49
 5162
 253
 5
 266
 0
 73
 2
 30
 16
 1033
 212
 4760
 0
 843
 0
 31
 0
 18
 1
 22
 4
 13
 5378
 37
 294
 61
 110
 186
 11
 420
 149
 435
 1
 2371
 0
 84
 0
 0
 0
 0
 0
 0
 349
 1
 5240
 26
 269
 126
 2
 87
 24
 49
 47
 180
 13
 5624
 3
 2
 1
 0
 1
 1
 213
 2
 453
 13
 5614
 0
 0
 0
 0
 0
 0
 0
 0
 0
 0
 5020
 11
 84
 263
 13
 6
 1371
 0
 15
 0
 64
 5664
 15
 96
 22
 1
 30
 0
 4
 2
 123
 111
 4300
 91
 437
 0
 856
 0
 68
 0
 421
 183
 48
 5165
 244
 5
 260
 0
 73
 2
 29
 16
 1016
 213
 4766
 0
 789
 0
 31
 0
 18
 1
 21
 3
 12
 5395
 29
 291
 58
 110
 201
 11
 433
 145
 457
 1
 2485
 0
 88
 0
 0
 0
 0
 0
 0
 341
 1
 5249
 26
 267
 122
 2
 83
 23
 48
 48
 177
 13
 5624
 3
 2
 1
 0
 1
 1
 203
 2
 447
 13
 5616
 0
 0
 0
 0
 0
 0
 0
 0
 0
 0
 5033
 10
 81
 263
 12
 6
 1342
 0
 16
 0
 61
 5670
 15
 89
 22
 1
 27
 0
 4
 2
 123
 110
 4317
 91
 428
 0
 850
 0
 67
 0
 408
 178
 48
 5171
 241
 5
 255
 0
 70
 2
 28
 16
 1000
 216
 4767
 0
 764
 0
 31
 0
 15
 1
 19
 3
 11
 5403
 27
 285
 54
 111
 212
 12
 441
 144
 470
 1
 2557
 0
 91
 0
 0
 0
 0
 0
 0
 337
 1
 5264
 27
 262
 118
 2
 79
 22
 48
 48
 175
 13
 5627
 3
 2
 1
 0
 1
 1
 199
 2
 438
 13
 5620
 0
 0
 0
 0
 0
 0
 0
 0
 0
 0
 5046
 12
 82
 261
 15
 6
 1324
 0
 16
 0
 58
 5672
 15
 90
 22
 1
 26
 0
 4
 1
 121
 109
 4334
 89
 430
 0
 837
 0
 63
 1
 392
 175
 49
 5167
 232
 5
 251
 0
 67
 2
 28
 16
 988
 222
 4763
 0
 733
 0
 31
 0
 15
 1
 17
 3
 8
 5413
 26
 285
 51
 110
 229
 13
 441
 144
 482
 2
 2633
 0
 95
 0
 0
 0
 0
 0
 0
 326
 1
 5275
 27
 254
 109
 2
 74
 23
 47
 48
 167
 13
 5633
 3
 2
 0
 0
 1
 1
 199
 2
 427
 13
 5629
 0
 0
 0
 0
 0
 0
 0
 0
 0
 0
 5052
 11
 80
 265
 16
 6
 1306
 0
 17
 0
 56
 5674
 15
 89
 22
 1
 25
 0
 4
 1
 123
 108
 4365
 90
 428
 0
 830
 0
 62
 1
 382
 174
 49
 5169
 230
 5
 247
 0
 67
 2
 28
 16
 957
 222
 4763
 0
 721
 0
 31
 0
 15
 1
 15
 3
 6
 5418
 24
 283
 49
 107
 238
 14
 446
 138
 487
 2
 2683
 0
 98
 1
 0
 0
 0
 0
 0
 324
 1
 5285
 27
 249
 104
 2
 73
 23
 47
 47
 161
 12
 5633
 3
 2
 0
 0
 1
 1
 197
 2
 420
 12
 5636
 0
 0
 0
 0
 0
 0
 0
 0
 0
 0
 5051
 11
 77
 266
 16
 6
 1279
 0
 17
 0
 55
 5679
 15
 86
 21
 1
 25
 0
 4
 1
 119
 108
 4379
 89
 433
 1
 824
 0
 58
 1
 373
 170
 48
 5175
 228
 6
 246
 0
 65
 2
 28
 15
 948
 222
 4759
 0
 700
 0
 31
 0
 14
 1
 13
 2
 6
 5422
 23
 277
 47
 107
 255
 14
 448
 136
 489
 1
 2742
 0
 100
 1
 0
 0
 0
 0
 0
 322
 1
 5299
 26
 248
 103
 2
 72
 23
 47
 48
 158
 12
 5640
 3
 2
 0
 0
 1
 1
 193
 2
 412
 12
 5637
 0
 0
 0
 0
 0
 0
 0
 0
 0
 0
 5054
 12
 77
 268
 16
 6
 1269
 0
 18
 0
 55
 5681
 15
 82
 22
 1
 26
 0
 4
 1
 117
 108
 4391
 91
 442
 1
 811
 0
 54
 1
 363
 167
 48
 5175
 226
 6
 243
 0
 63
 2
 28
 14
 940
 222
 4757
 0
 684
 0
 30
 0
 14
 1
 12
 2
 6
 5428
 22
 268
 46
 108
 264
 14
 448
 136
 486
 1
 2788
 0
 103
 1
 0
 1
 0
 0
 0
 322
 1
 5308
 26
 243
 103
 2
 69
 23
 44
 47
 154
 12
 5644
 3
 2
 0
 0
 1
 1
 188
 2
 412
 12
 5641
 0
 0
 0
 0
 0
 0
 0
 0
 0
 0
 5055
 12
 75
 265
 16
 6
 1259
 0
 18
 0
 52
 5685
 15
 77
 20
 1
 26
 0
 3
 1
 115
 105
 4407
 92
 441
 1
 801
 0
 53
 1
 355
 166
 49
 5178
 226
 6
 234
 0
 63
 2
 28
 14
 925
 226
 4762
 0
 678
 0
 30
 0
 13
 1
 11
 2
 5
 5432
 22
 266
 46
 107
 278
 14
 451
 137
 486
 1
 2825
 0
 105
 1
 0
 1
 0
 0
 0
 322
 1
 5316
 26
 239
 102
 2
 67
 22
 43
 46
 152
 12
 5644
 3
 2
 0
 0
 1
 1
 185
 2
 406
 12
 5646
 0
 0
 0
 0
 0
 0
 0
 0
 0
 0
 5061
 13
 75
 264
 15
 6
 1245
 0
 17
 0
 50
 5685
 15
 77
 18
 1
 26
 0
 3
 1
 115
 104
 4423
 91
 449
 1
 797
 0
 51
 1
 349
 166
 48
 5179
 225
 6
 229
 0
 62
 2
 28
 14
 908
 225
 4763
 0
 669
 0
 30
 0
 13
 1
 11
 2
 5
 5440
 22
 267
 45
 106
 282
 14
 453
 139
 483
 1
 2860
 0
 108
 1
 0
 1
 0
 0
 0
 320
 1
 5326
 26
 235
 100
 2
 67
 22
 41
 46
 149
 12
 5647
 3
 2
 0
 0
 1
 1
 179
 2
 395
 11
 5651
 0
 0
 0
 0
 0
 0
 0
 0
 0
 0
 5063
 15
 75
 266
 15
 6
 1223
 0
 17
 0
 49
 5687
 15
 77
 18
 1
 26
 0
 3
 1
 115
 100
 4429
 90
 449
 1
 789
 0
 49
 1
 341
 164
 49
 5180
 220
 6
 229
 0
 61
 3
 27
 15
 899
 224
 4775
 0
 657
 0
 30
 0
 13
 1
 11
 2
 5
 5447
 22
 264
 45
 106
 293
 15
 458
 139
 475
 1
 2904
 0
 109
 1
 0
 1
 0
 0
 0
 314
 1
 5336
 26
 232
 97
 2
 64
 21
 42
 46
 147
 12
 5649
 3
 2
 0
 0
 1
 1
 178
 2
 388
 11
 5653
 0
 0
 0
 0
 0
 0
 0
 0
 0
 0
 5064
 15
 76
 265
 14
 6
 1209
 0
 18
 0
 48
 5687
 14
 77
 17
 1
 25
 0
 3
 1
 115
 99
 4437
 88
 456
 1
 777
 0
 46
 1
 334
 164
 49
 5182
 219
 6
 228
 0
 59
 2
 27
 15
 892
 225
 4776
 0
 652
 0
 30
 0
 12
 1
 11
 1
 5
 5458
 21
 260
 44
 107
 302
 15
 458
 140
 472
 1
 2941
 0
 111
 1
 0
 1
 0
 0
 0
 307
 1
 5350
 26
 233
 96
 3
 63
 21
 40
 45
 144
 12
 5652
 3
 2
 0
 0
 1
 1
 175
 2
 378
 11
 5652
 0
 0
 0
 0
 0
 0
 0
 0
 0
 0
 5065
 15
 76
 264
 14
 6
 1197
 0
 18
 0
 48
 5692
 14
 79
 16
 1
 24
 0
 3
 1
 113
 96
 4453
 88
 453
 1
 771
 0
 43
 1
 327
 161
 49
 5182
 217
 6
 223
 0
 59
 2
 27
 15
 879
 225
 4780
 0
 646
 0
 29
 0
 12
 1
 11
 0
 5
 5463
 20
 253
 43
 106
 312
 16
 455
 140
 474
 1
 2976
 0
 112
 1
 0
 1
 0
 0
 0
 306
 1
 5365
 26
 229
 94
 3
 63
 21
 40
 44
 140
 12
 5656
 3
 2
 0
 0
 1
 1
 172
 2
 370
 11
 5657
 0
 0
 0
 0
 0
 0
 0
 0
 0
 0
 5063
 15
 75
 263
 14
 7
 1179
 0
 17
 0
 48
 5694
 14
 78
 15
 1
 25
 0
 3
 1
 110
 94
 4462
 87
 461
 1
 768
 0
 44
 1
 327
 161
 48
 5186
 213
 6
 221
 0
 57
 2
 27
 16
 875
 226
 4786
 0
 640
 0
 29
 0
 12
 1
 10
 0
 5
 5464
 20
 250
 41
 106
 318
 15
 454
 138
 465
 1
 3006
 0
 114
 1
 0
 1
 0
 0
 0
 306
 1
 5377
 26
 229
 93
 3
 62
 21
 40
 44
 138
 11
 5658
 3
 2
 0
 0
 1
 1
 170
 2
 362
 11
 5657
 0
 0
 0
 0
 0
 0
 0
 0
 0
 0
 5070
 15
 76
 263
 15
 7
 1169
 0
 17
 0
 48
 5700
 13
 75
 15
 1
 24
 0
 3
 1
 109
 91
 4470
 87
 461
 1
 763
 0
 44
 1
 320
 158
 50
 5189
 210
 5
 217
 0
 55
 2
 28
 16
 868
 226
 4786
 0
 634
 0
 30
 0
 12
 1
 9
 0
 5
 5465
 20
 247
 40
 106
 319
 15
 452
 138
 466
 1
 3034
 0
 114
 1
 0
 1
 0
 0
 0
 306
 1
 5390
 26
 227
 92
 3
 62
 21
 41
 44
 136
 11
 5660
 3
 2
 0
 0
 1
 1
 170
 2
 352
 11
 5659
 0
 0
 0
 0
 0
 0
 0
 0
 0
 0
 5070
 15
 76
 258
 15
 7
 1157
 0
 18
 0
 47
 5704
 13
 74
 15
 1
 24
 0
 3
 1
 107
 89
 4480
 87
 463
 1
 758
 0
 41
 1
 318
 156
 49
 5195
 207
 5
 219
 0
 55
 2
 28
 16
 862
 226
 4791
 0
 621
 0
 29
 0
 10
 1
 9
 0
 5
 5469
 18
 243
 38
 107
 326
 15
 449
 138
 462
 1
 3066
 0
 117
 1
 0
 1
 0
 0
 0
 306
 1
 5400
 27
 221
 92
 3
 62
 21
 41
 42
 134
 11
 5661
 3
 2
 0
 0
 1
 1
 168
 2
 346
 11
 5664
 0
 0
 0
 0
 0
 0
 0
 0
 0
 0
 5075
 14
 78
 256
 15
 7
 1148
 0
 18
 0
 45
 5708
 13
 73
 15
 1
 24
 0
 3
 1
 105
 86
 4492
 86
 467
 1
 756
 0
 39
 1
 314
 155
 49
 5200
 206
 5
 217
 0
 51
 2
 28
 17
 854
 229
 4791
 0
 620
 0
 29
 0
 10
 1
 9
 0
 5
 5474
 16
 239
 38
 106
 329
 15
 444
 134
 460
 1
 3085
 0
 118
 1
 0
 1
 0
 0
 0
 303
 1
 5409
 27
 218
 92
 3
 61
 21
 40
 42
 131
 11
 5666
 3
 2
 0
 0
 1
 1
 166
 2
 341
 11
 5668
 0
 0
 0
 0
 0
 0
 0
 0
 0
 0
 5076
 14
 78
 253
 16
 8
 1137
 0
 20
 0
 44
 5708
 13
 73
 14
 1
 23
 0
 3
 1
 105
 86
 4504
 83
 467
 1
 751
 0
 36
 1
 309
 155
 49
 5205
 204
 5
 215
 0
 51
 2
 27
 17
 850
 228
 4795
 0
 618
 0
 29
 0
 10
 1
 8
 0
 5
 5478
 14
 238
 38
 105
 336
 15
 439
 136
 460
 1
 3107
 0
 115
 2
 0
 1
 0
 0
 0
 300
 1
 5413
 27
 218
 91
 3
 59
 21
 38
 43
 132
 11
 5670
 3
 2
 0
 0
 1
 1
 163
 2
 338
 11
 5668
 0
 0
 0
 0
 0
 0
 0
 0
 0
 0
 5079
 14
 76
 251
 16
 8
 1131
 0
 20
 0
 44
 5708
 13
 72
 14
 1
 23
 0
 3
 1
 106
 86
 4518
 84
 472
 1
 744
 0
 36
 1
 302
 154
 49
 5210
 201
 5
 214
 0
 51
 2
 27
 17
 840
 230
 4795
 0
 613
 0
 29
 0
 10
 1
 8
 0
 5
 5481
 13
 241
 36
 105
 339
 16
 437
 131
 459
 1
 3127
 0
 115
 2
 0
 1
 0
 0
 0
 301
 1
 5414
 27
 218
 91
 3
 59
 21
 37
 41
 132
 11
 5672
 3
 2
 0
 0
 1
 1
 161
 2
 334
 11
 5668
 0
 0
 0
 0
 0
 0
 0
 0
 0
 0
 5078
 12
 77
 249
 16
 8
 1126
 0
 20
 0
 44
 5714
 13
 72
 14
 1
 23
 0
 3
 1
 107
 83
 4528
 84
 473
 1
 740
 0
 36
 1
 297
 152
 49
 5212
 201
 5
 210
 0
 48
 1
 28
 16
 831
 230
 4795
 0
 606
 0
 29
 0
 10
 1
 7
 0
 5
 5486
 13
 238
 36
 104
 345
 18
 436
 131
 460
 1
 3148
 0
 116
 3
 0
 1
 0
 0
 0
 299
 1
 5423
 27
 220
 89
 3
 59
 21
 35
 41
 131
 11
 5674
 2
 2
 0
 0
 1
 1
 158
 2
 328
 11
 5668
 0
 0
 0
 0
 0
 0
 0
 0
 0
 0
 5077
 12
 78
 250
 16
 8
 1115
 0
 21
 0
 44
 5714
 13
 72
 14
 1
 22
 0
 3
 1
 107
 82
 4539
 82
 471
 1
 737
 0
 36
 1
 295
 152
 49
 5213
 202
 5
 206
 0
 48
 1
 27
 16
 822
 230
 4798
 0
 603
 0
 30
 0
 10
 1
 7
 0
 4
 5489
 13
 239
 36
 103
 351
 19
 434
 131
 459
 1
 3171
 0
 113
 3
 0
 1
 0
 0
 0
 297
 1
 5428
 27
 216
 87
 3
 58
 21
 35
 40
 130
 11
 5675
 2
 2
 0
 0
 1
 1
 158
 2
 322
 11
 5673
 0
 0
 0
 0
 0
 0
 0
 0
 0
 0
 5082
 12
 76
 248
 16
 8
 1114
 0
 22
 0
 44
 5713
 13
 72
 14
 1
 21
 0
 3
 1
 108
 82
 4542
 81
 470
 1
 736
 0
 37
 1
 290
 153
 50
 5217
 202
 5
 202
 0
 47
 1
 25
 16
 820
 230
 4798
 0
 599
 0
 30
 0
 10
 1
 7
 0
 4
 5492
 11
 234
 37
 104
 353
 19
 433
 130
 460
 1
 3185
 0
 112
 3
 0
 1
 0
 0
 0
 295
 1
 5433
 26
 213
 86
 3
 59
 21
 35
 40
 129
 12
 5675
 2
 2
 0
 0
 1
 1
 157
 2
 321
 11
 5675
 0
 0
 0
 0
 0
 0
 0
 0
 0
 0
 5086
 13
 76
 248
 16
 8
 1106
 0
 22
 0
 43
 5713
 13
 72
 13
 1
 20
 0
 3
 1
 107
 82
 4552
 80
 470
 1
 737
 0
 37
 1
 287
 152
 50
 5218
 202
 5
 203
 0
 45
 1
 25
 15
 814
 232
 4803
 0
 593
 0
 30
 0
 10
 1
 6
 0
 4
 5494
 10
 231
 37
 103
 355
 20
 431
 128
 456
 0
 3200
 0
 112
 3
 0
 1
 0
 0
 0
 292
 1
 5437
 26
 211
 85
 3
 58
 21
 35
 41
 128
 12
 5677
 2
 2
 0
 0
 1
 1
 158
 2
 320
 11
 5678
 0
 0
 0
 0
 0
 0
 0
 0
 0
 0
 5088
 13
 75
 244
 17
 8
 1100
 0
 23
 0
 43
 5715
 13
 71
 13
 1
 20
 0
 3
 1
 107
 81
 4563
 80
 469
 1
 737
 0
 36
 1
 283
 151
 49
 5226
 200
 5
 197
 0
 45
 1
 25
 15
 809
 233
 4807
 0
 592
 0
 30
 0
 10
 1
 6
 0
 4
 5497
 10
 227
 36
 104
 359
 20
 427
 124
 454
 0
 3214
 0
 111
 3
 0
 1
 0
 0
 0
 291
 1
 5445
 26
 207
 84
 3
 58
 21
 35
 41
 128
 12
 5679
 2
 1
 0
 0
 1
 1
 156
 1
 316
 11
 5681
 0
 0
 0
 0
 0
 0
 0
 0
 0
 0
 5089
 12
 74
 241
 17
 8
 1093
 0
 23
 0
 41
 5717
 13
 71
 13
 1
 19
 0
 3
 1
 106
 80
 4567
 78
 467
 1
 732
 0
 36
 1
 282
 151
 49
 5228
 198
 5
 194
 0
 45
 1
 24
 15
 804
 234
 4814
 0
 588
 0
 30
 0
 10
 1
 6
 0
 4
 5499
 9
 224
 36
 105
 363
 20
 430
 126
 453
 0
 3235
 0
 111
 3
 0
 1
 0
 0
 0
 288
 1
 5451
 26
 206
 84
 3
 57
 21
 33
 42
 128
 12
 5679
 2
 1
 0
 0
 1
 1
 156
 1
 313
 11
 5681
 0
 0
 0
 0
 0
 0
 0
 0
 0
 0
 5089
 13
 74
 238
 17
 8
 1090
 0
 23
 1
 38
 5720
 14
 72
 12
 1
 19
 0
 3
 1
 108
 78
 4574
 77
 467
 1
 731
 0
 37
 0
 279
 150
 49
 5229
 196
 5
 191
 0
 45
 1
 24
 14
 799
 236
 4819
 0
 584
 0
 29
 0
 10
 1
 6
 0
 4
 5500
 8
 223
 36
 103
 368
 20
 427
 127
 451
 0
 3247
 0
 110
 3
 0
 1
 0
 0
 0
 287
 1
 5455
 26
 203
 83
 3
 57
 20
 33
 41
 127
 12
 5681
 2
 1
 0
 0
 1
 1
 157
 2
 310
 10
 5686
 0
 0
 0
 0
 0
 0
 0
 0
 0
 0
 5095
 13
 73
 238
 16
 8
 1076
 0
 23
 1
 38
 5721
 14
 71
 12
 1
 19
 0
 3
 1
 109
 77
 4577
 76
 468
 1
 729
 0
 38
 0
 274
 150
 49
 5230
 196
 5
 190
 0
 44
 1
 24
 14
 799
 237
 4821
 0
 580
 0
 28
 0
 10
 1
 6
 0
 4
 5500
 8
 223
 36
 102
 367
 20
 425
 127
 449
 0
 3269
 0
 110
 3
 0
 1
 0
 0
 0
 287
 1
 5458
 28
 204
 82
 3
 57
 20
 33
 41
 126
 12
 5681
 2
 1
 0
 0
 1
 1
 157
 2
 307
 9
 5686
 0
 0
 0
 0
 0
 0
 0
 0
 0
 0
 5094
 12
 71
 236
 16
 8
 1071
 0
 23
 1
 36
 5723
 15
 70
 11
 1
 19
 0
 3
 1
 107
 76
 4579
 76
 469
 0
 723
 0
 37
 0
 273
 150
 49
 5234
 197
 5
 190
 0
 44
 1
 24
 15
 796
 236
 4823
 0
 574
 0
 28
 0
 10
 1
 5
 0
 4
 5506
 8
 219
 34
 100
 373
 19
 429
 127
 446
 0
 3288
 0
 111
 3
 0
 1
 0
 0
 0
 283
 1
 5465
 27
 204
 82
 3
 56
 20
 33
 40
 124
 12
 5683
 2
 1
 0
 0
 1
 1
 157
 2
 304
 10
 5688
 0
 0
 0
 0
 0
 0
 0
 0
 0
 0
 5092
 12
 72
 235
 16
 8
 1062
 0
 23
 1
 35
 5725
 15
 70
 11
 1
 19
 0
 3
 1
 106
 75
 4586
 76
 469
 0
 718
 0
 37
 0
 271
 148
 48
 5235
 197
 4
 186
 0
 44
 1
 24
 17
 795
 236
 4825
 0
 571
 0
 28
 0
 10
 1
 5
 0
 4
 5508
 8
 216
 34
 99
 381
 18
 424
 128
 444
 0
 3310
 0
 109
 3
 0
 1
 0
 1
 0
 283
 1
 5472
 27
 203
 80
 3
 55
 18
 33
 39
 123
 12
 5685
 2
 1
 0
 0
 1
 1
 157
 2
 300
 10
 5690
 0
 0
 0
 0
 0
 0
 0
 0
 0
 0
 5090
 12
 71
 235
 16
 8
 1057
 0
 23
 1
 34
 5729
 14
 70
 11
 1
 19
 0
 3
 1
 107
 72
 4590
 75
 468
 0
 719
 0
 38
 0
 271
 147
 49
 5239
 196
 4
 186
 0
 44
 1
 24
 17
 795
 234
 4831
 0
 569
 0
 29
 0
 10
 1
 5
 0
 4
 5510
 8
 215
 34
 99
 384
 18
 423
 128
 441
 0
 3317
 0
 107
 3
 0
 1
 0
 1
 0
 282
 1
 5472
 27
 201
 79
 3
 53
 17
 32
 39
 122
 12
 5685
 2
 1
 0
 0
 1
 1
 156
 2
 301
 10
 5692
 0
 0
 0
 0
 0
 0
 0
 0
 0
 0
 5089
 13
 71
 232
 15
 8
 1052
 0
 23
 1
 34
 5729
 14
 69
 10
 1
 19
 0
 3
 1
 107
 72
 4600
 75
 468
 0
 714
 0
 37
 0
 269
 146
 49
 5240
 195
 4
 185
 0
 43
 1
 24
 17
 787
 235
 4838
 0
 570
 0
 29
 0
 10
 1
 5
 0
 4
 5510
 8
 216
 33
 99
 388
 18
 421
 130
 437
 0
 3328
 0
 106
 3
 0
 1
 0
 1
 0
 283
 1
 5476
 26
 199
 78
 3
 53
 17
 32
 39
 121
 12
 5690
 2
 1
 0
 0
 1
 1
 155
 2
 296
 10
 5694
 0
 0
 0
 0
 0
 0
 0
 0
 0
 0
 5091
 13
 70
 231
 15
 8
 1046
 0
 21
 1
 34
 5731
 14
 69
 9
 1
 19
 0
 3
 1
 108
 72
 4605
 77
 466
 0
 707
 0
 37
 0
 265
 144
 49
 5241
 195
 4
 187
 0
 42
 1
 24
 17
 785
 234
 4839
 0
 563
 0
 29
 0
 10
 1
 5
 0
 3
 5514
 8
 211
 33
 98
 390
 18
 418
 129
 440
 0
 3346
 0
 106
 3
 0
 1
 0
 1
 0
 279
 1
 5481
 26
 200
 77
 3
 54
 17
 32
 39
 121
 12
 5693
 2
 1
 0
 0
 1
 1
 155
 2
 296
 10
 5694
 0
 0
 0
 0
 0
 0
 0
 0
 0
 0
 5088
 13
 70
 229
 15
 7
 1038
 0
 22
 1
 34
 5733
 14
 68
 9
 1
 19
 0
 3
 1
 109
 69
 4610
 76
 466
 0
 706
 0
 35
 0
 266
 144
 48
 5244
 195
 4
 187
 0
 42
 1
 23
 17
 783
 234
 4840
 0
 564
 0
 29
 0
 10
 1
 5
 0
 3
 5517
 7
 207
 34
 98
 391
 19
 416
 130
 439
 0
 3355
 0
 104
 3
 0
 1
 0
 1
 0
 280
 1
 5488
 26
 199
 77
 3
 54
 17
 32
 39
 121
 12
 5695
 2
 2
 0
 0
 1
 1
 152
 2
 293
 10
 5695
 0
 0
 0
 0
 0
 0
 0
 0
 0
 0
 5089
 12
 70
 229
 15
 7
 1037
 0
 22
 1
 33
 5734
 14
 68
 9
 1
 18
 0
 3
 1
 110
 69
 4621
 75
 468
 0
 703
 0
 35
 0
 263
 144
 49
 5247
 194
 4
 185
 0
 42
 1
 24
 17
 777
 234
 4840
 0
 563
 0
 29
 0
 10
 1
 5
 0
 3
 5519
 7
 204
 33
 96
 392
 19
 411
 128
 438
 0
 3364
 0
 103
 3
 0
 1
 0
 1
 0
 280
 1
 5494
 26
 196
 77
 3
 53
 17
 32
 39
 120
 12
 5697
 2
 2
 0
 0
 1
 1
 150
 2
 290
 10
 5700
 0
 0
 0
 0
 0
 0
 0
 0
 0
 0


