# Created by Octave 6.2.0, Sat May 22 15:02:27 2021 GMT <unknown@DESKTOP-PM2CTTO>
# name: confMatrix1
# type: matrix
# ndims: 3
 10 11 50
 4760
 6
 74
 177
 11
 4
 1013
 0
 5
 1
 7
 5654
 5
 46
 9
 0
 12
 0
 3
 0
 78
 48
 3873
 54
 248
 1
 613
 0
 22
 0
 541
 219
 65
 5266
 208
 8
 324
 0
 82
 2
 72
 40
 1398
 293
 5071
 0
 910
 0
 50
 0
 57
 5
 44
 18
 22
 5331
 67
 303
 82
 146
 349
 20
 462
 120
 382
 4
 2885
 0
 94
 2
 1
 0
 3
 0
 1
 414
 5
 5354
 36
 324
 129
 7
 76
 24
 47
 44
 170
 11
 5617
 1
 6
 1
 0
 2
 1
 194
 1
 332
 9
 5524
 0
 0
 0
 0
 0
 0
 0
 0
 0
 0
 4706
 2
 53
 131
 6
 3
 861
 0
 7
 0
 8
 5669
 4
 44
 7
 2
 13
 0
 4
 0
 93
 51
 4063
 70
 284
 0
 644
 0
 26
 0
 541
 208
 60
 5338
 205
 6
 304
 0
 93
 2
 68
 36
 1241
 258
 5013
 1
 801
 0
 52
 0
 33
 3
 25
 6
 13
 5422
 44
 267
 63
 147
 437
 25
 489
 131
 434
 2
 3177
 0
 104
 0
 0
 0
 4
 0
 0
 373
 5
 5447
 32
 326
 108
 6
 61
 20
 37
 37
 150
 11
 5613
 1
 6
 0
 0
 2
 1
 154
 1
 275
 6
 5524
 0
 0
 0
 0
 0
 0
 0
 0
 0
 0
 4698
 0
 43
 118
 4
 3
 808
 0
 9
 0
 8
 5691
 3
 45
 7
 2
 15
 0
 5
 0
 109
 54
 4192
 80
 317
 0
 678
 0
 33
 0
 523
 193
 58
 5352
 206
 5
 283
 0
 89
 2
 67
 33
 1147
 245
 4961
 1
 740
 0
 47
 1
 28
 3
 22
 5
 12
 5469
 33
 236
 48
 139
 462
 21
 477
 136
 462
 1
 3291
 0
 85
 1
 0
 0
 5
 0
 0
 348
 7
 5503
 29
 312
 101
 5
 53
 17
 30
 32
 144
 13
 5648
 2
 4
 0
 0
 2
 1
 139
 1
 248
 7
 5543
 0
 0
 0
 0
 0
 0
 0
 0
 0
 0
 4726
 0
 44
 114
 4
 3
 796
 0
 11
 0
 10
 5702
 2
 48
 7
 0
 17
 0
 3
 0
 119
 52
 4265
 74
 321
 0
 672
 0
 32
 0
 487
 192
 60
 5362
 203
 5
 257
 0
 81
 2
 60
 30
 1083
 237
 4976
 1
 671
 0
 40
 1
 23
 3
 15
 4
 8
 5492
 21
 206
 40
 130
 472
 15
 472
 141
 450
 0
 3417
 0
 72
 1
 1
 0
 3
 0
 0
 335
 7
 5548
 31
 305
 98
 6
 56
 18
 30
 29
 141
 13
 5683
 3
 4
 0
 0
 2
 1
 135
 1
 233
 7
 5558
 0
 0
 0
 0
 0
 0
 0
 0
 0
 0
 4753
 2
 41
 114
 4
 4
 790
 0
 12
 0
 9
 5714
 2
 53
 7
 0
 17
 0
 3
 0
 127
 45
 4317
 71
 330
 0
 654
 0
 32
 0
 459
 186
 56
 5370
 203
 4
 246
 0
 70
 2
 51
 29
 1039
 229
 4989
 0
 640
 0
 36
 1
 19
 3
 14
 4
 5
 5516
 18
 186
 32
 119
 485
 15
 474
 141
 432
 0
 3496
 0
 66
 2
 2
 0
 3
 0
 0
 320
 3
 5578
 31
 304
 92
 6
 54
 16
 29
 28
 135
 15
 5713
 3
 3
 0
 0
 2
 1
 128
 1
 221
 5
 5569
 0
 0
 0
 0
 0
 0
 0
 0
 0
 0
 4786
 3
 42
 116
 4
 4
 790
 0
 12
 0
 9
 5721
 3
 42
 6
 0
 19
 0
 2
 0
 125
 44
 4394
 69
 325
 0
 631
 0
 31
 0
 434
 182
 50
 5384
 195
 4
 230
 0
 61
 2
 50
 31
 995
 226
 5027
 1
 632
 0
 34
 1
 18
 2
 11
 3
 4
 5543
 11
 183
 25
 112
 487
 11
 448
 142
 414
 0
 3552
 0
 62
 2
 2
 0
 2
 0
 0
 297
 3
 5583
 30
 303
 87
 6
 55
 17
 24
 29
 131
 16
 5740
 3
 2
 0
 0
 1
 1
 122
 1
 218
 3
 5577
 0
 0
 0
 0
 0
 0
 0
 0
 0
 0
 4819
 6
 43
 118
 4
 4
 790
 0
 13
 0
 9
 5738
 3
 38
 8
 0
 18
 0
 2
 0
 125
 38
 4452
 68
 326
 0
 622
 0
 29
 0
 419
 169
 49
 5392
 189
 5
 224
 0
 54
 2
 46
 32
 959
 230
 5057
 1
 627
 0
 34
 1
 14
 2
 10
 3
 3
 5576
 8
 175
 23
 108
 478
 9
 428
 136
 387
 0
 3578
 0
 61
 2
 2
 0
 1
 0
 0
 276
 2
 5597
 29
 305
 86
 6
 55
 15
 25
 28
 130
 16
 5752
 2
 2
 0
 0
 0
 1
 110
 1
 212
 3
 5580
 0
 0
 0
 0
 0
 0
 0
 0
 0
 0
 4862
 7
 44
 123
 4
 4
 792
 0
 14
 0
 10
 5749
 3
 34
 7
 0
 17
 0
 2
 0
 127
 39
 4509
 68
 323
 0
 613
 0
 29
 1
 392
 157
 50
 5394
 189
 5
 219
 0
 48
 2
 47
 32
 925
 229
 5087
 1
 634
 0
 34
 0
 10
 2
 9
 1
 2
 5604
 8
 168
 22
 103
 465
 8
 405
 136
 362
 0
 3593
 0
 57
 2
 2
 0
 1
 0
 0
 262
 1
 5608
 28
 290
 84
 6
 54
 15
 25
 25
 122
 16
 5763
 2
 1
 0
 0
 0
 1
 99
 1
 208
 3
 5600
 0
 0
 0
 0
 0
 0
 0
 0
 0
 0
 4885
 9
 49
 126
 4
 4
 800
 0
 14
 0
 8
 5754
 3
 29
 6
 0
 15
 0
 2
 0
 133
 39
 4556
 65
 330
 0
 611
 0
 28
 1
 375
 152
 51
 5407
 181
 5
 210
 0
 46
 4
 46
 32
 900
 226
 5108
 1
 630
 0
 36
 0
 9
 1
 8
 1
 2
 5619
 4
 163
 20
 94
 456
 8
 382
 131
 345
 0
 3606
 0
 54
 2
 2
 0
 1
 1
 0
 250
 1
 5618
 28
 285
 85
 5
 50
 14
 23
 23
 122
 15
 5769
 2
 1
 0
 0
 0
 1
 98
 1
 204
 3
 5612
 0
 0
 0
 0
 0
 0
 0
 0
 0
 0
 4909
 9
 49
 125
 4
 4
 799
 0
 15
 0
 8
 5752
 3
 24
 6
 0
 13
 0
 2
 0
 135
 42
 4589
 62
 332
 0
 601
 0
 28
 1
 360
 152
 53
 5415
 178
 4
 208
 0
 42
 3
 47
 32
 885
 226
 5124
 1
 617
 0
 36
 0
 8
 1
 7
 1
 2
 5634
 4
 161
 20
 89
 448
 7
 364
 132
 330
 0
 3636
 0
 49
 2
 2
 0
 0
 1
 0
 239
 1
 5622
 27
 287
 83
 5
 50
 14
 23
 23
 120
 15
 5776
 2
 0
 0
 0
 0
 1
 95
 1
 202
 5
 5616
 0
 0
 0
 0
 0
 0
 0
 0
 0
 0
 4923
 10
 50
 125
 4
 5
 794
 0
 12
 0
 8
 5756
 3
 25
 6
 0
 13
 0
 2
 0
 136
 40
 4624
 63
 335
 0
 603
 0
 27
 1
 352
 150
 53
 5420
 176
 4
 205
 0
 40
 3
 48
 31
 863
 226
 5132
 0
 603
 0
 41
 0
 8
 1
 6
 1
 3
 5643
 3
 153
 19
 83
 442
 6
 355
 123
 319
 0
 3658
 0
 47
 2
 2
 1
 0
 1
 0
 233
 0
 5632
 27
 280
 81
 5
 46
 16
 24
 21
 120
 15
 5780
 3
 0
 0
 0
 0
 1
 94
 1
 200
 5
 5628
 0
 0
 0
 0
 0
 0
 0
 0
 0
 0
 4941
 9
 52
 123
 3
 5
 799
 0
 11
 0
 7
 5762
 3
 25
 7
 0
 13
 0
 2
 0
 138
 39
 4654
 61
 342
 0
 606
 0
 28
 1
 340
 148
 53
 5429
 177
 4
 198
 0
 38
 3
 45
 29
 846
 224
 5129
 0
 599
 0
 40
 0
 7
 1
 6
 1
 3
 5655
 3
 145
 19
 78
 435
 6
 341
 118
 315
 0
 3663
 0
 46
 2
 2
 1
 0
 2
 0
 225
 0
 5642
 25
 278
 85
 5
 45
 17
 23
 18
 118
 15
 5786
 3
 0
 0
 0
 0
 1
 93
 1
 198
 5
 5635
 0
 0
 0
 0
 0
 0
 0
 0
 0
 0
 4950
 9
 50
 121
 3
 5
 796
 0
 12
 0
 7
 5766
 3
 25
 5
 0
 13
 0
 2
 0
 139
 40
 4680
 63
 342
 0
 602
 0
 28
 1
 338
 145
 54
 5438
 180
 4
 200
 0
 36
 3
 43
 28
 834
 221
 5145
 0
 588
 0
 40
 0
 7
 1
 5
 1
 3
 5664
 3
 142
 19
 71
 432
 7
 329
 113
 299
 0
 3683
 0
 43
 1
 2
 0
 0
 2
 0
 221
 0
 5654
 24
 277
 82
 4
 45
 16
 22
 17
 114
 15
 5792
 3
 0
 0
 0
 0
 1
 89
 1
 189
 4
 5644
 0
 0
 0
 0
 0
 0
 0
 0
 0
 0
 4963
 9
 49
 117
 3
 5
 788
 0
 12
 0
 6
 5771
 3
 26
 5
 0
 14
 0
 2
 0
 142
 39
 4704
 64
 341
 0
 602
 0
 28
 1
 338
 144
 53
 5443
 179
 4
 204
 0
 34
 3
 40
 25
 823
 219
 5155
 0
 577
 0
 43
 0
 6
 1
 4
 1
 3
 5667
 1
 138
 14
 69
 422
 7
 320
 112
 292
 0
 3701
 0
 40
 0
 2
 0
 0
 2
 0
 219
 0
 5665
 24
 270
 80
 4
 44
 16
 21
 17
 112
 14
 5799
 4
 1
 0
 0
 0
 1
 88
 1
 183
 4
 5653
 0
 0
 0
 0
 0
 0
 0
 0
 0
 0
 4965
 9
 48
 115
 3
 4
 779
 0
 12
 1
 6
 5775
 3
 25
 4
 0
 14
 0
 2
 0
 142
 39
 4730
 61
 343
 0
 598
 0
 29
 1
 340
 142
 52
 5452
 180
 4
 203
 0
 34
 3
 38
 23
 801
 213
 5160
 0
 572
 0
 42
 0
 6
 1
 4
 1
 3
 5679
 1
 136
 15
 64
 418
 8
 318
 115
 285
 0
 3724
 0
 40
 0
 2
 0
 0
 2
 0
 210
 0
 5676
 23
 270
 82
 3
 44
 16
 22
 17
 108
 14
 5799
 4
 1
 0
 0
 0
 0
 86
 1
 174
 4
 5657
 0
 0
 0
 0
 0
 0
 0
 0
 0
 0
 4969
 9
 48
 110
 3
 4
 765
 0
 12
 1
 6
 5779
 3
 26
 4
 0
 13
 0
 2
 0
 140
 37
 4746
 60
 346
 0
 594
 0
 29
 0
 339
 141
 52
 5464
 183
 4
 203
 0
 34
 3
 37
 22
 788
 208
 5162
 0
 572
 0
 43
 0
 6
 1
 2
 1
 3
 5683
 1
 133
 14
 59
 419
 8
 317
 114
 277
 0
 3741
 0
 38
 0
 2
 0
 0
 2
 0
 207
 0
 5685
 23
 265
 81
 3
 44
 15
 22
 16
 110
 13
 5801
 5
 1
 0
 0
 0
 0
 86
 1
 169
 4
 5667
 0
 0
 0
 0
 0
 0
 0
 0
 0
 0
 4972
 8
 48
 110
 3
 4
 755
 0
 10
 1
 6
 5786
 3
 25
 4
 0
 14
 0
 2
 0
 140
 34
 4759
 59
 350
 0
 585
 0
 29
 0
 335
 139
 55
 5468
 186
 4
 204
 0
 34
 3
 37
 20
 775
 208
 5162
 0
 565
 0
 41
 0
 6
 1
 2
 1
 3
 5688
 1
 133
 14
 57
 421
 9
 314
 113
 271
 1
 3765
 0
 38
 0
 2
 0
 0
 2
 0
 203
 0
 5689
 23
 263
 80
 3
 44
 14
 21
 15
 110
 13
 5805
 5
 1
 0
 0
 0
 0
 85
 1
 165
 4
 5671
 0
 0
 0
 0
 0
 0
 0
 0
 0
 0
 4974
 8
 47
 108
 3
 4
 747
 0
 10
 1
 6
 5787
 3
 24
 4
 0
 14
 0
 2
 0
 139
 35
 4768
 59
 354
 1
 584
 0
 28
 0
 332
 139
 57
 5471
 185
 3
 203
 0
 35
 3
 36
 19
 768
 209
 5166
 0
 559
 0
 41
 0
 6
 1
 2
 1
 3
 5697
 1
 127
 12
 55
 424
 8
 312
 112
 265
 1
 3781
 0
 37
 0
 2
 0
 0
 2
 0
 197
 0
 5699
 23
 261
 80
 3
 43
 14
 20
 15
 110
 13
 5808
 5
 1
 0
 0
 0
 0
 82
 1
 161
 4
 5675
 0
 0
 0
 0
 0
 0
 0
 0
 0
 0
 4978
 8
 46
 105
 3
 3
 739
 0
 11
 1
 6
 5791
 3
 24
 4
 0
 14
 0
 2
 0
 136
 33
 4782
 59
 353
 1
 582
 0
 28
 0
 335
 137
 58
 5477
 183
 3
 205
 0
 35
 3
 36
 19
 758
 205
 5170
 0
 550
 0
 40
 0
 6
 1
 2
 1
 3
 5698
 1
 124
 12
 54
 420
 8
 310
 113
 264
 1
 3798
 0
 34
 0
 2
 0
 0
 2
 0
 196
 0
 5705
 23
 260
 80
 3
 41
 14
 20
 15
 110
 13
 5811
 5
 1
 0
 0
 0
 0
 83
 1
 158
 4
 5677
 0
 0
 0
 0
 0
 0
 0
 0
 0
 0
 4979
 8
 45
 106
 3
 3
 734
 0
 11
 1
 6
 5795
 3
 25
 3
 0
 13
 0
 2
 0
 133
 33
 4796
 59
 352
 1
 577
 0
 27
 0
 336
 134
 59
 5483
 185
 3
 208
 0
 34
 3
 37
 18
 749
 199
 5174
 0
 548
 0
 40
 0
 6
 1
 1
 1
 3
 5700
 1
 121
 11
 53
 419
 8
 306
 111
 261
 1
 3809
 0
 36
 0
 2
 0
 0
 2
 0
 196
 0
 5709
 22
 257
 81
 3
 41
 14
 19
 15
 109
 14
 5813
 5
 1
 0
 0
 0
 0
 81
 1
 156
 4
 5681
 0
 0
 0
 0
 0
 0
 0
 0
 0
 0
 4979
 8
 44
 105
 3
 2
 721
 0
 10
 1
 6
 5799
 3
 25
 3
 0
 13
 0
 2
 0
 129
 32
 4812
 58
 352
 2
 572
 0
 27
 0
 333
 134
 60
 5487
 188
 2
 210
 0
 35
 3
 38
 16
 734
 198
 5173
 0
 537
 0
 41
 0
 6
 1
 1
 1
 3
 5700
 1
 114
 11
 53
 426
 7
 305
 110
 260
 1
 3836
 0
 34
 0
 2
 0
 0
 2
 0
 195
 0
 5719
 22
 253
 80
 3
 41
 14
 18
 15
 109
 14
 5814
 5
 1
 0
 0
 0
 0
 83
 1
 153
 4
 5685
 0
 0
 0
 0
 0
 0
 0
 0
 0
 0
 4980
 8
 44
 103
 3
 1
 717
 0
 10
 1
 6
 5799
 3
 26
 3
 1
 13
 0
 2
 0
 130
 32
 4822
 56
 354
 2
 565
 0
 25
 0
 331
 134
 61
 5493
 188
 2
 213
 0
 34
 3
 38
 16
 722
 197
 5176
 0
 530
 0
 40
 0
 6
 1
 1
 1
 3
 5701
 1
 113
 11
 53
 428
 7
 306
 109
 255
 1
 3855
 0
 34
 0
 2
 0
 0
 2
 0
 195
 0
 5720
 22
 251
 78
 3
 41
 13
 18
 15
 105
 15
 5818
 5
 1
 0
 0
 0
 0
 82
 1
 152
 4
 5687
 0
 0
 0
 0
 0
 0
 0
 0
 0
 0
 4985
 8
 44
 103
 4
 1
 712
 0
 10
 1
 5
 5804
 3
 27
 5
 1
 13
 0
 2
 0
 128
 31
 4831
 56
 354
 2
 552
 0
 24
 0
 328
 130
 61
 5497
 187
 2
 210
 0
 33
 3
 39
 16
 716
 194
 5177
 0
 524
 0
 40
 0
 6
 1
 1
 1
 3
 5705
 1
 106
 11
 51
 427
 7
 304
 107
 252
 1
 3883
 0
 35
 0
 2
 0
 0
 1
 0
 193
 0
 5726
 21
 250
 79
 3
 40
 14
 18
 15
 104
 15
 5820
 5
 1
 0
 0
 0
 0
 80
 1
 153
 4
 5690
 0
 0
 0
 0
 0
 0
 0
 0
 0
 0
 4984
 9
 43
 102
 4
 1
 707
 0
 9
 1
 5
 5806
 3
 27
 5
 1
 13
 0
 2
 0
 127
 30
 4837
 54
 351
 1
 545
 0
 23
 0
 328
 129
 62
 5500
 186
 2
 210
 0
 32
 3
 38
 15
 710
 195
 5181
 0
 519
 0
 40
 0
 6
 1
 1
 1
 3
 5709
 1
 105
 11
 50
 430
 7
 304
 106
 251
 1
 3904
 0
 36
 0
 2
 0
 0
 1
 0
 191
 0
 5729
 21
 249
 79
 3
 40
 14
 19
 14
 100
 14
 5822
 5
 1
 0
 0
 0
 0
 80
 1
 152
 4
 5692
 0
 0
 0
 0
 0
 0
 0
 0
 0
 0
 4987
 9
 43
 101
 4
 1
 704
 0
 9
 1
 5
 5811
 3
 28
 5
 1
 12
 0
 2
 0
 126
 28
 4840
 54
 353
 1
 541
 0
 23
 0
 328
 128
 62
 5504
 186
 2
 210
 0
 32
 3
 38
 14
 704
 192
 5177
 0
 516
 0
 39
 0
 8
 1
 1
 1
 3
 5713
 1
 105
 11
 48
 427
 6
 307
 105
 253
 1
 3919
 0
 36
 0
 2
 0
 0
 1
 0
 189
 0
 5731
 22
 248
 78
 3
 40
 14
 19
 14
 96
 13
 5822
 4
 1
 0
 0
 0
 0
 78
 1
 151
 4
 5696
 0
 0
 0
 0
 0
 0
 0
 0
 0
 0
 4991
 10
 43
 101
 5
 1
 703
 0
 8
 1
 5
 5814
 3
 28
 5
 1
 12
 0
 2
 0
 123
 27
 4843
 53
 349
 1
 537
 0
 22
 0
 327
 127
 62
 5504
 187
 2
 211
 0
 32
 3
 38
 12
 697
 194
 5178
 0
 504
 0
 39
 0
 8
 1
 1
 1
 3
 5717
 1
 101
 11
 48
 427
 6
 312
 103
 255
 1
 3940
 0
 35
 0
 2
 0
 0
 1
 0
 187
 0
 5736
 21
 248
 78
 3
 39
 15
 18
 14
 91
 13
 5826
 4
 1
 0
 0
 0
 0
 76
 1
 150
 4
 5696
 0
 0
 0
 0
 0
 0
 0
 0
 0
 0
 4991
 10
 43
 101
 5
 1
 700
 0
 8
 1
 5
 5818
 3
 28
 5
 1
 12
 0
 2
 0
 120
 25
 4845
 53
 348
 1
 532
 0
 21
 0
 329
 125
 63
 5508
 187
 2
 212
 0
 32
 2
 37
 12
 691
 194
 5181
 0
 500
 0
 38
 0
 8
 1
 1
 1
 3
 5722
 1
 100
 10
 46
 428
 6
 316
 99
 254
 1
 3952
 0
 35
 0
 2
 0
 0
 1
 0
 184
 0
 5739
 20
 243
 79
 3
 38
 15
 17
 14
 90
 13
 5830
 4
 1
 0
 0
 0
 0
 74
 1
 148
 4
 5704
 0
 0
 0
 0
 0
 0
 0
 0
 0
 0
 4991
 9
 43
 101
 6
 1
 695
 0
 8
 1
 5
 5819
 3
 27
 5
 1
 12
 0
 2
 0
 118
 26
 4853
 54
 346
 1
 520
 0
 21
 0
 328
 124
 63
 5508
 187
 2
 211
 0
 32
 2
 39
 12
 686
 195
 5184
 0
 492
 0
 37
 0
 8
 1
 1
 1
 3
 5727
 1
 99
 10
 45
 429
 6
 314
 98
 253
 1
 3979
 0
 34
 0
 2
 0
 0
 1
 0
 183
 0
 5740
 20
 243
 79
 3
 37
 15
 16
 13
 89
 13
 5832
 3
 1
 0
 0
 0
 0
 71
 1
 148
 4
 5706
 0
 0
 0
 0
 0
 0
 0
 0
 0
 0
 4996
 9
 42
 102
 6
 0
 691
 0
 8
 1
 5
 5821
 3
 27
 5
 1
 11
 0
 2
 0
 116
 24
 4853
 53
 347
 1
 512
 0
 21
 0
 327
 124
 63
 5507
 187
 2
 210
 0
 32
 2
 39
 12
 684
 196
 5181
 0
 488
 0
 38
 0
 8
 1
 1
 1
 3
 5732
 1
 98
 10
 44
 427
 6
 318
 98
 255
 1
 3998
 0
 34
 0
 2
 0
 0
 1
 0
 179
 0
 5742
 20
 240
 79
 3
 36
 15
 16
 13
 88
 13
 5831
 3
 1
 0
 0
 0
 0
 71
 1
 147
 4
 5710
 0
 0
 0
 0
 0
 0
 0
 0
 0
 0
 4995
 9
 42
 102
 6
 0
 687
 0
 9
 1
 5
 5819
 3
 27
 5
 1
 11
 0
 2
 0
 115
 24
 4861
 51
 344
 1
 505
 0
 21
 0
 327
 124
 62
 5512
 187
 2
 207
 0
 32
 2
 38
 12
 679
 196
 5184
 0
 484
 0
 37
 0
 8
 1
 1
 1
 3
 5737
 0
 97
 10
 44
 431
 8
 318
 95
 255
 1
 4018
 0
 33
 0
 2
 0
 0
 1
 0
 176
 0
 5744
 19
 237
 78
 3
 34
 15
 16
 13
 87
 13
 5833
 3
 1
 0
 0
 0
 0
 69
 1
 146
 4
 5713
 0
 0
 0
 0
 0
 0
 0
 0
 0
 0
 5004
 9
 43
 102
 6
 0
 688
 0
 9
 1
 5
 5820
 3
 27
 5
 1
 11
 0
 2
 0
 113
 22
 4861
 50
 341
 1
 495
 0
 21
 0
 324
 125
 63
 5516
 189
 2
 206
 0
 32
 2
 36
 11
 678
 195
 5186
 0
 481
 0
 38
 0
 8
 1
 1
 1
 3
 5739
 0
 97
 10
 43
 431
 9
 318
 94
 255
 1
 4032
 0
 33
 0
 2
 0
 0
 1
 0
 176
 0
 5744
 18
 238
 76
 3
 33
 14
 15
 12
 86
 13
 5833
 3
 1
 0
 0
 0
 0
 68
 1
 146
 4
 5713
 0
 0
 0
 0
 0
 0
 0
 0
 0
 0
 5008
 9
 44
 101
 6
 0
 684
 0
 9
 1
 5
 5821
 3
 27
 5
 1
 11
 0
 2
 0
 113
 22
 4866
 47
 339
 1
 489
 0
 20
 0
 322
 124
 62
 5521
 190
 2
 205
 0
 31
 2
 35
 11
 678
 194
 5189
 0
 474
 0
 38
 0
 8
 1
 1
 1
 3
 5741
 0
 93
 10
 43
 430
 9
 313
 93
 253
 1
 4052
 0
 33
 0
 2
 0
 0
 1
 0
 175
 0
 5750
 18
 236
 76
 3
 33
 15
 15
 11
 84
 11
 5835
 3
 1
 0
 0
 0
 0
 68
 1
 146
 4
 5715
 0
 0
 0
 0
 0
 0
 0
 0
 0
 0
 5011
 9
 45
 101
 6
 0
 680
 0
 9
 1
 5
 5821
 3
 27
 5
 1
 11
 0
 2
 0
 113
 22
 4868
 46
 336
 1
 482
 0
 20
 0
 321
 124
 62
 5525
 188
 2
 203
 0
 31
 2
 33
 11
 676
 192
 5191
 0
 470
 0
 38
 0
 8
 1
 1
 1
 4
 5748
 0
 90
 10
 42
 431
 9
 312
 93
 255
 1
 4069
 0
 32
 0
 2
 0
 0
 1
 0
 172
 0
 5755
 18
 236
 75
 3
 33
 14
 15
 11
 84
 11
 5836
 3
 1
 0
 0
 0
 0
 64
 1
 144
 4
 5716
 0
 0
 0
 0
 0
 0
 0
 0
 0
 0
 5011
 10
 46
 101
 6
 0
 671
 0
 9
 1
 5
 5821
 3
 28
 5
 1
 11
 0
 2
 0
 113
 22
 4869
 45
 339
 1
 474
 0
 20
 0
 322
 124
 63
 5526
 191
 1
 206
 0
 30
 2
 33
 10
 669
 191
 5184
 0
 466
 0
 38
 0
 8
 1
 1
 1
 3
 5749
 0
 89
 10
 40
 431
 9
 316
 93
 257
 1
 4088
 0
 32
 0
 2
 0
 0
 1
 0
 172
 0
 5758
 18
 238
 74
 3
 33
 14
 15
 11
 83
 11
 5837
 3
 1
 0
 0
 0
 0
 64
 1
 142
 4
 5716
 0
 0
 0
 0
 0
 0
 0
 0
 0
 0
 5017
 11
 47
 100
 6
 0
 668
 0
 8
 1
 5
 5822
 3
 27
 5
 1
 10
 0
 2
 0
 112
 21
 4871
 45
 335
 1
 465
 0
 20
 0
 319
 123
 63
 5530
 190
 1
 207
 0
 30
 2
 33
 10
 667
 189
 5190
 0
 463
 0
 38
 0
 8
 1
 1
 1
 3
 5749
 0
 89
 10
 40
 430
 9
 315
 93
 256
 1
 4102
 0
 32
 0
 2
 0
 0
 1
 0
 172
 0
 5757
 17
 238
 73
 3
 33
 14
 15
 11
 84
 11
 5839
 3
 1
 0
 0
 0
 0
 64
 1
 143
 4
 5716
 0
 0
 0
 0
 0
 0
 0
 0
 0
 0
 5019
 11
 48
 98
 6
 0
 665
 0
 8
 1
 5
 5824
 3
 27
 5
 1
 10
 0
 2
 0
 114
 21
 4870
 44
 331
 1
 459
 0
 20
 0
 320
 120
 63
 5534
 190
 1
 207
 0
 29
 2
 33
 11
 665
 189
 5197
 0
 461
 0
 38
 0
 8
 2
 1
 1
 3
 5751
 0
 89
 9
 40
 425
 8
 317
 93
 253
 1
 4114
 0
 32
 0
 2
 0
 0
 1
 0
 171
 0
 5758
 17
 237
 73
 3
 33
 13
 15
 11
 83
 11
 5841
 3
 1
 0
 0
 0
 0
 63
 1
 142
 4
 5717
 0
 0
 0
 0
 0
 0
 0
 0
 0
 0
 5024
 11
 49
 98
 6
 0
 662
 0
 10
 1
 5
 5824
 3
 26
 5
 1
 10
 0
 2
 0
 111
 21
 4872
 44
 329
 1
 454
 0
 21
 0
 319
 120
 63
 5539
 192
 1
 208
 0
 28
 2
 33
 11
 663
 187
 5198
 0
 460
 0
 37
 0
 8
 2
 1
 1
 3
 5756
 0
 86
 9
 38
 425
 8
 318
 93
 252
 1
 4124
 0
 31
 0
 2
 0
 0
 0
 0
 168
 0
 5761
 17
 233
 72
 3
 31
 12
 15
 11
 81
 11
 5841
 3
 1
 0
 0
 0
 0
 61
 1
 142
 4
 5723
 0
 0
 0
 0
 0
 0
 0
 0
 0
 0
 5023
 11
 48
 96
 6
 0
 657
 0
 9
 1
 5
 5824
 3
 26
 5
 1
 10
 0
 2
 0
 112
 21
 4876
 43
 326
 1
 450
 0
 21
 0
 316
 120
 63
 5544
 192
 1
 206
 0
 28
 2
 33
 11
 665
 187
 5197
 0
 456
 0
 37
 0
 8
 2
 1
 1
 3
 5757
 0
 86
 9
 39
 428
 8
 314
 91
 256
 1
 4142
 0
 30
 0
 2
 0
 0
 0
 0
 169
 0
 5766
 17
 235
 72
 3
 30
 12
 15
 11
 78
 11
 5843
 3
 1
 0
 0
 0
 0
 59
 1
 137
 4
 5720
 0
 0
 0
 0
 0
 0
 0
 0
 0
 0
 5023
 11
 48
 94
 6
 0
 656
 0
 9
 1
 5
 5824
 3
 26
 5
 1
 10
 0
 2
 0
 112
 21
 4876
 43
 326
 1
 447
 0
 20
 0
 313
 121
 64
 5548
 194
 1
 207
 0
 27
 2
 33
 10
 660
 184
 5197
 0
 453
 0
 37
 0
 8
 2
 1
 1
 3
 5762
 0
 87
 8
 39
 432
 8
 318
 92
 254
 1
 4149
 0
 29
 0
 2
 0
 0
 0
 0
 166
 0
 5769
 17
 235
 71
 3
 30
 12
 15
 11
 77
 11
 5847
 3
 1
 0
 0
 0
 0
 57
 1
 133
 4
 5720
 0
 0
 0
 0
 0
 0
 0
 0
 0
 0
 5025
 11
 47
 94
 5
 0
 655
 0
 9
 1
 5
 5824
 3
 24
 5
 1
 10
 0
 2
 0
 110
 21
 4879
 41
 329
 1
 444
 0
 21
 0
 314
 121
 64
 5554
 193
 1
 206
 0
 27
 2
 32
 10
 657
 181
 5197
 0
 450
 0
 37
 0
 8
 2
 1
 1
 3
 5765
 0
 84
 8
 38
 433
 8
 320
 93
 254
 1
 4159
 0
 27
 1
 2
 0
 0
 0
 0
 166
 0
 5772
 17
 234
 70
 3
 29
 12
 14
 11
 75
 11
 5848
 3
 1
 0
 0
 0
 0
 54
 1
 133
 4
 5721
 0
 0
 0
 0
 0
 0
 0
 0
 0
 0
 5027
 11
 48
 93
 4
 0
 652
 0
 9
 1
 5
 5824
 3
 24
 5
 1
 10
 0
 2
 0
 111
 20
 4881
 39
 326
 1
 439
 0
 20
 0
 314
 121
 65
 5556
 193
 1
 204
 0
 27
 2
 33
 11
 656
 182
 5201
 0
 448
 0
 37
 0
 8
 2
 1
 1
 3
 5767
 0
 82
 8
 36
 431
 8
 317
 93
 255
 1
 4171
 0
 27
 1
 2
 0
 0
 0
 0
 166
 0
 5774
 17
 234
 68
 3
 29
 12
 13
 10
 75
 11
 5849
 3
 1
 0
 0
 0
 0
 53
 1
 133
 4
 5723
 0
 0
 0
 0
 0
 0
 0
 0
 0
 0
 5028
 10
 47
 93
 4
 0
 645
 0
 9
 1
 5
 5826
 3
 24
 5
 1
 10
 0
 2
 0
 111
 20
 4883
 39
 323
 1
 435
 0
 20
 0
 315
 120
 65
 5558
 192
 1
 206
 0
 28
 2
 32
 11
 655
 180
 5201
 0
 445
 0
 35
 0
 8
 2
 1
 1
 3
 5773
 0
 80
 8
 36
 432
 8
 317
 93
 260
 1
 4183
 0
 26
 1
 2
 0
 0
 0
 0
 163
 0
 5777
 17
 233
 66
 3
 29
 12
 12
 10
 75
 10
 5851
 3
 1
 0
 0
 0
 0
 50
 1
 133
 4
 5724
 0
 0
 0
 0
 0
 0
 0
 0
 0
 0
 5031
 9
 47
 92
 4
 0
 645
 0
 9
 1
 5
 5828
 3
 24
 5
 1
 10
 0
 2
 0
 108
 20
 4879
 39
 322
 1
 420
 0
 20
 0
 314
 119
 65
 5560
 191
 1
 205
 0
 28
 2
 32
 11
 656
 178
 5203
 0
 445
 0
 35
 0
 8
 2
 1
 1
 3
 5773
 1
 80
 8
 36
 433
 8
 320
 94
 260
 1
 4200
 0
 24
 1
 2
 0
 0
 0
 0
 163
 0
 5778
 17
 233
 66
 3
 29
 12
 12
 10
 73
 10
 5853
 3
 1
 0
 0
 0
 0
 50
 1
 132
 4
 5724
 0
 0
 0
 0
 0
 0
 0
 0
 0
 0
 5037
 9
 47
 90
 4
 0
 642
 0
 9
 1
 4
 5830
 3
 24
 5
 1
 10
 0
 2
 0
 107
 19
 4879
 40
 322
 1
 418
 0
 20
 0
 310
 118
 65
 5563
 191
 1
 203
 0
 28
 2
 32
 11
 653
 176
 5204
 0
 442
 0
 35
 0
 8
 2
 1
 1
 3
 5776
 2
 80
 8
 36
 434
 8
 323
 94
 259
 1
 4210
 0
 24
 1
 2
 0
 0
 0
 0
 162
 0
 5778
 17
 233
 65
 3
 29
 12
 12
 9
 73
 10
 5853
 3
 1
 0
 0
 0
 0
 49
 0
 132
 4
 5724
 0
 0
 0
 0
 0
 0
 0
 0
 0
 0
 5037
 9
 46
 90
 4
 0
 638
 0
 9
 1
 4
 5830
 3
 23
 5
 1
 10
 0
 2
 0
 104
 19
 4880
 37
 321
 1
 415
 0
 20
 0
 311
 118
 66
 5565
 193
 1
 203
 0
 28
 2
 32
 11
 652
 174
 5201
 0
 437
 0
 35
 0
 8
 2
 1
 1
 3
 5779
 2
 80
 8
 36
 436
 8
 323
 97
 261
 1
 4224
 0
 24
 1
 2
 0
 0
 0
 0
 162
 0
 5779
 17
 231
 65
 3
 29
 13
 12
 9
 71
 10
 5853
 4
 1
 0
 0
 0
 0
 46
 0
 131
 4
 5725
 0
 0
 0
 0
 0
 0
 0
 0
 0
 0
 5041
 9
 45
 90
 4
 0
 632
 0
 9
 1
 4
 5830
 2
 23
 5
 1
 11
 0
 2
 0
 105
 19
 4883
 37
 321
 1
 410
 0
 20
 0
 311
 118
 66
 5567
 192
 1
 203
 0
 28
 2
 32
 11
 652
 173
 5199
 0
 437
 0
 35
 0
 8
 2
 1
 1
 3
 5781
 2
 80
 8
 35
 431
 8
 322
 96
 264
 1
 4234
 0
 24
 1
 2
 0
 0
 0
 0
 161
 0
 5779
 17
 232
 65
 3
 29
 13
 12
 9
 71
 10
 5853
 4
 1
 0
 0
 0
 0
 45
 0
 131
 4
 5725
 0
 0
 0
 0
 0
 0
 0
 0
 0
 0
 5046
 8
 45
 89
 4
 0
 628
 0
 9
 1
 4
 5829
 2
 22
 5
 1
 11
 0
 2
 0
 103
 20
 4884
 37
 317
 1
 406
 0
 20
 0
 308
 119
 66
 5570
 192
 1
 203
 0
 27
 2
 32
 11
 650
 173
 5204
 0
 433
 0
 35
 0
 8
 2
 1
 0
 3
 5786
 2
 79
 8
 35
 432
 8
 323
 96
 263
 1
 4246
 0
 24
 1
 2
 0
 0
 0
 0
 158
 0
 5781
 17
 233
 64
 3
 29
 13
 12
 8
 71
 10
 5854
 4
 1
 0
 0
 0
 0
 44
 0
 130
 4
 5724
 0
 0
 0
 0
 0
 0
 0
 0
 0
 0
 5053
 8
 44
 87
 3
 0
 625
 0
 9
 1
 4
 5830
 2
 20
 5
 1
 11
 0
 2
 0
 102
 20
 4888
 37
 318
 1
 401
 0
 19
 0
 305
 119
 65
 5575
 192
 1
 201
 0
 27
 2
 33
 10
 646
 173
 5202
 0
 431
 0
 34
 0
 8
 2
 1
 0
 3
 5789
 2
 79
 8
 34
 428
 8
 326
 96
 265
 1
 4259
 0
 26
 1
 2
 0
 0
 0
 0
 156
 0
 5784
 17
 232
 64
 3
 28
 12
 12
 8
 70
 10
 5854
 4
 1
 0
 0
 0
 0
 43
 0
 127
 4
 5726
 0
 0
 0
 0
 0
 0
 0
 0
 0
 0
 5058
 8
 44
 88
 3
 0
 624
 0
 9
 1
 4
 5830
 2
 20
 5
 1
 11
 0
 2
 0
 102
 20
 4888
 37
 317
 1
 399
 0
 19
 0
 303
 119
 65
 5577
 191
 1
 198
 0
 27
 2
 34
 10
 645
 171
 5205
 0
 425
 0
 34
 0
 7
 2
 1
 0
 3
 5794
 2
 79
 7
 35
 427
 8
 327
 95
 264
 1
 4272
 0
 26
 1
 2
 0
 0
 0
 0
 153
 0
 5785
 17
 228
 62
 3
 28
 12
 12
 8
 69
 10
 5855
 4
 1
 0
 0
 0
 0
 41
 0
 126
 4
 5729
 0
 0
 0
 0
 0
 0
 0
 0
 0
 0
 5062
 8
 44
 87
 3
 0
 624
 0
 8
 1
 4
 5832
 2
 20
 5
 1
 10
 0
 2
 0
 100
 19
 4891
 37
 316
 1
 396
 0
 19
 0
 301
 118
 65
 5579
 193
 1
 197
 0
 26
 2
 35
 10
 643
 169
 5205
 0
 422
 0
 33
 0
 7
 1
 1
 0
 3
 5798
 2
 79
 7
 34
 426
 9
 327
 96
 263
 1
 4282
 0
 27
 1
 2
 0
 0
 0
 0
 149
 0
 5785
 17
 227
 62
 3
 27
 12
 12
 8
 67
 10
 5857
 4
 1
 0
 0
 0
 0
 41
 0
 126
 4
 5731
 0
 0
 0
 0
 0
 0
 0
 0
 0
 0


