# Created by Octave 6.2.0, Fri May 21 17:00:05 2021 GMT <unknown@DESKTOP-PM2CTTO>
# name: confMatrix1
# type: matrix
# ndims: 3
 10 11 50
 4825
 66
 237
 426
 31
 0
 1575
 0
 28
 2
 65
 5579
 11
 126
 63
 0
 22
 0
 5
 0
 84
 109
 3588
 51
 1147
 0
 1518
 0
 72
 0
 618
 204
 63
 5128
 672
 5
 383
 0
 134
 2
 40
 24
 1563
 167
 3784
 0
 1634
 0
 20
 1
 190
 13
 323
 63
 147
 3870
 470
 282
 136
 76
 0
 0
 3
 2
 2
 0
 5
 0
 0
 0
 1
 0
 0
 0
 0
 1418
 1
 5179
 55
 353
 174
 4
 212
 37
 153
 115
 390
 13
 5538
 5
 3
 1
 0
 0
 1
 592
 2
 526
 12
 5561
 0
 0
 0
 0
 0
 0
 0
 0
 0
 0
 4911
 27
 131
 325
 13
 3
 1531
 0
 21
 0
 63
 5602
 18
 101
 56
 2
 35
 0
 5
 0
 150
 120
 4081
 71
 860
 1
 1414
 0
 109
 1
 569
 213
 48
 5149
 375
 6
 333
 0
 100
 2
 38
 26
 1347
 211
 4477
 0
 1746
 0
 27
 1
 61
 4
 119
 17
 52
 4923
 179
 328
 80
 92
 34
 5
 124
 90
 87
 0
 462
 0
 4
 0
 1
 0
 0
 0
 0
 679
 1
 5156
 34
 327
 170
 2
 132
 36
 79
 87
 297
 14
 5608
 4
 3
 1
 0
 0
 1
 299
 2
 502
 12
 5573
 0
 0
 0
 0
 0
 0
 0
 0
 0
 0
 5004
 13
 103
 289
 13
 4
 1496
 0
 20
 0
 67
 5635
 18
 96
 41
 1
 32
 0
 6
 1
 144
 122
 4226
 81
 508
 1
 1009
 0
 87
 1
 469
 198
 50
 5159
 302
 7
 286
 0
 82
 2
 29
 20
 1167
 204
 4789
 0
 1148
 0
 30
 0
 28
 2
 49
 7
 21
 5238
 68
 309
 62
 99
 96
 7
 280
 132
 264
 1
 1723
 0
 36
 0
 1
 0
 0
 0
 0
 449
 0
 5215
 24
 305
 159
 2
 107
 31
 61
 63
 237
 13
 5643
 4
 3
 1
 0
 1
 1
 236
 1
 463
 10
 5588
 0
 0
 0
 0
 0
 0
 0
 0
 0
 0
 5059
 14
 97
 272
 15
 6
 1383
 0
 16
 0
 56
 5655
 15
 91
 29
 1
 30
 0
 5
 1
 134
 114
 4311
 97
 444
 3
 882
 0
 74
 1
 413
 186
 51
 5180
 253
 5
 261
 0
 80
 3
 29
 19
 1061
 220
 4804
 0
 800
 0
 26
 0
 19
 1
 26
 5
 13
 5340
 33
 276
 47
 105
 144
 8
 352
 105
 384
 2
 2414
 0
 62
 0
 0
 0
 0
 0
 0
 377
 1
 5303
 23
 287
 143
 2
 87
 29
 57
 53
 195
 14
 5655
 3
 3
 1
 0
 1
 1
 213
 1
 407
 12
 5600
 0
 0
 0
 0
 0
 0
 0
 0
 0
 0
 5097
 15
 88
 267
 14
 6
 1326
 0
 19
 0
 50
 5674
 13
 85
 26
 1
 26
 0
 5
 1
 122
 106
 4401
 101
 444
 3
 821
 0
 64
 2
 365
 169
 51
 5199
 239
 7
 244
 0
 72
 2
 27
 21
 990
 226
 4818
 0
 723
 0
 27
 0
 15
 1
 15
 3
 8
 5381
 19
 255
 38
 101
 205
 12
 366
 94
 400
 1
 2659
 0
 77
 1
 0
 0
 0
 0
 0
 348
 1
 5355
 25
 265
 117
 2
 76
 24
 50
 50
 180
 12
 5662
 3
 2
 0
 0
 1
 1
 203
 1
 378
 11
 5625
 0
 0
 0
 0
 0
 0
 0
 0
 0
 0
 5118
 18
 88
 262
 15
 6
 1254
 0
 19
 0
 45
 5684
 13
 78
 22
 1
 24
 0
 5
 1
 115
 100
 4465
 93
 454
 2
 801
 0
 55
 2
 336
 160
 54
 5222
 234
 6
 239
 0
 65
 2
 27
 21
 929
 223
 4828
 0
 681
 0
 29
 0
 14
 1
 10
 1
 5
 5396
 18
 231
 33
 96
 236
 13
 372
 96
 395
 2
 2810
 0
 80
 1
 0
 0
 0
 0
 0
 342
 1
 5417
 25
 255
 108
 3
 69
 24
 46
 53
 171
 13
 5679
 3
 1
 0
 0
 1
 1
 192
 1
 339
 10
 5640
 0
 0
 0
 0
 0
 0
 0
 0
 0
 0
 5122
 18
 83
 252
 18
 6
 1211
 0
 21
 0
 38
 5689
 13
 73
 20
 1
 22
 0
 5
 1
 110
 98
 4519
 89
 465
 2
 781
 0
 48
 2
 326
 158
 53
 5242
 226
 6
 233
 0
 63
 1
 27
 19
 889
 223
 4825
 0
 657
 0
 28
 0
 14
 1
 8
 2
 5
 5422
 15
 213
 29
 92
 261
 14
 368
 95
 395
 2
 2922
 0
 82
 2
 0
 0
 0
 0
 0
 332
 1
 5462
 26
 250
 101
 3
 67
 23
 45
 48
 157
 12
 5689
 3
 1
 0
 0
 1
 1
 181
 1
 313
 9
 5649
 0
 0
 0
 0
 0
 0
 0
 0
 0
 0
 5137
 19
 81
 241
 18
 6
 1174
 0
 21
 0
 35
 5704
 13
 71
 17
 1
 18
 0
 5
 1
 106
 89
 4557
 82
 469
 1
 771
 0
 45
 2
 314
 152
 57
 5254
 220
 6
 227
 0
 51
 1
 27
 17
 859
 227
 4837
 0
 626
 0
 28
 0
 11
 1
 5
 2
 4
 5435
 10
 197
 27
 88
 273
 14
 366
 99
 391
 1
 3020
 0
 81
 2
 0
 1
 0
 0
 0
 329
 1
 5489
 26
 241
 96
 3
 62
 23
 43
 46
 152
 12
 5707
 3
 1
 0
 0
 1
 1
 175
 1
 302
 9
 5662
 0
 0
 0
 0
 0
 0
 0
 0
 0
 0
 5147
 18
 82
 226
 18
 7
 1146
 0
 20
 0
 29
 5716
 13
 71
 16
 1
 18
 0
 5
 1
 104
 84
 4590
 78
 466
 0
 760
 0
 40
 2
 305
 145
 58
 5275
 217
 7
 217
 0
 45
 1
 26
 16
 831
 226
 4852
 0
 604
 0
 28
 0
 11
 1
 4
 2
 4
 5448
 9
 185
 24
 84
 283
 16
 365
 99
 387
 0
 3097
 0
 83
 3
 0
 1
 0
 1
 0
 322
 1
 5518
 25
 234
 94
 3
 57
 21
 39
 46
 146
 13
 5721
 3
 1
 0
 0
 1
 1
 169
 2
 284
 9
 5672
 0
 0
 0
 0
 0
 0
 0
 0
 0
 0
 5143
 16
 76
 215
 18
 8
 1113
 0
 20
 0
 28
 5723
 13
 68
 13
 1
 15
 0
 5
 1
 102
 82
 4627
 74
 472
 0
 747
 0
 39
 2
 296
 141
 58
 5289
 212
 7
 212
 0
 45
 1
 26
 18
 804
 225
 4866
 0
 593
 0
 28
 0
 11
 1
 3
 2
 3
 5457
 8
 172
 23
 85
 301
 15
 360
 104
 376
 0
 3166
 0
 79
 3
 0
 1
 0
 1
 0
 320
 1
 5551
 23
 220
 92
 3
 59
 21
 39
 45
 143
 14
 5728
 2
 1
 0
 0
 1
 1
 162
 2
 263
 10
 5686
 0
 0
 0
 0
 0
 0
 0
 0
 0
 0
 5138
 17
 74
 208
 16
 7
 1094
 0
 22
 0
 24
 5727
 14
 66
 12
 1
 15
 0
 4
 1
 101
 73
 4650
 73
 474
 0
 740
 0
 42
 1
 295
 142
 59
 5299
 208
 7
 202
 0
 44
 1
 25
 21
 788
 226
 4876
 0
 583
 0
 29
 0
 10
 1
 3
 2
 3
 5469
 7
 166
 23
 84
 316
 15
 355
 103
 374
 0
 3215
 0
 72
 3
 0
 1
 0
 1
 0
 316
 1
 5569
 25
 221
 90
 3
 57
 21
 36
 44
 141
 14
 5730
 2
 1
 0
 0
 1
 1
 156
 2
 251
 9
 5687
 0
 0
 0
 0
 0
 0
 0
 0
 0
 0
 5136
 18
 75
 204
 17
 7
 1073
 0
 21
 0
 22
 5734
 14
 63
 11
 1
 16
 0
 3
 1
 99
 69
 4670
 70
 471
 0
 726
 0
 41
 1
 292
 140
 59
 5316
 206
 7
 199
 0
 44
 1
 22
 20
 771
 223
 4883
 0
 571
 0
 29
 0
 10
 1
 3
 1
 3
 5485
 5
 157
 22
 84
 329
 14
 352
 101
 374
 0
 3270
 0
 71
 2
 0
 1
 0
 1
 0
 308
 1
 5586
 26
 222
 89
 3
 56
 20
 34
 41
 137
 14
 5735
 2
 1
 0
 0
 1
 1
 151
 2
 243
 8
 5687
 0
 0
 0
 0
 0
 0
 0
 0
 0
 0
 5132
 19
 76
 202
 17
 7
 1047
 0
 22
 0
 22
 5743
 14
 58
 8
 0
 16
 0
 3
 1
 102
 61
 4706
 69
 471
 0
 718
 0
 40
 1
 291
 137
 57
 5328
 204
 6
 202
 0
 44
 1
 23
 21
 746
 221
 4891
 0
 562
 0
 29
 0
 9
 1
 3
 1
 3
 5497
 4
 153
 22
 83
 333
 14
 343
 99
 371
 0
 3312
 0
 70
 2
 0
 1
 0
 1
 0
 301
 1
 5601
 26
 219
 87
 3
 55
 20
 34
 40
 136
 14
 5736
 2
 1
 0
 0
 1
 1
 149
 2
 232
 8
 5691
 0
 0
 0
 0
 0
 0
 0
 0
 0
 0
 5133
 18
 77
 199
 16
 6
 1029
 0
 20
 0
 22
 5750
 12
 56
 8
 0
 16
 0
 3
 1
 103
 54
 4730
 65
 469
 0
 707
 0
 37
 1
 284
 136
 59
 5337
 199
 6
 203
 0
 42
 1
 21
 22
 728
 219
 4908
 0
 556
 0
 28
 0
 8
 1
 3
 0
 3
 5509
 3
 149
 21
 78
 344
 15
 333
 101
 360
 0
 3351
 0
 71
 2
 0
 1
 0
 1
 0
 296
 1
 5610
 25
 215
 84
 3
 58
 21
 36
 40
 132
 14
 5745
 2
 1
 0
 0
 1
 1
 143
 2
 227
 8
 5700
 0
 0
 0
 0
 0
 0
 0
 0
 0
 0
 5131
 18
 76
 196
 15
 6
 1009
 0
 19
 0
 22
 5758
 9
 55
 7
 0
 16
 0
 3
 1
 102
 46
 4742
 64
 466
 1
 699
 0
 37
 1
 286
 133
 59
 5346
 202
 6
 202
 0
 40
 1
 21
 22
 717
 218
 4915
 0
 548
 0
 28
 0
 8
 1
 3
 0
 3
 5520
 3
 149
 20
 76
 347
 18
 336
 98
 354
 0
 3389
 0
 66
 2
 0
 1
 0
 1
 0
 290
 1
 5613
 25
 211
 82
 3
 58
 21
 37
 39
 131
 14
 5754
 2
 1
 0
 0
 1
 1
 138
 2
 224
 8
 5706
 0
 0
 0
 0
 0
 0
 0
 0
 0
 0
 5127
 19
 75
 192
 14
 7
 989
 0
 19
 0
 21
 5764
 9
 53
 7
 0
 17
 0
 3
 1
 101
 39
 4756
 63
 458
 1
 692
 0
 37
 1
 289
 131
 61
 5355
 202
 6
 202
 0
 37
 1
 21
 24
 710
 214
 4928
 0
 543
 0
 27
 0
 7
 1
 4
 0
 3
 5535
 3
 147
 20
 73
 349
 18
 328
 100
 351
 0
 3421
 0
 65
 2
 1
 1
 0
 1
 0
 279
 1
 5622
 26
 216
 83
 3
 57
 21
 36
 39
 130
 14
 5758
 2
 1
 0
 0
 1
 1
 133
 2
 217
 8
 5704
 0
 0
 0
 0
 0
 0
 0
 0
 0
 0
 5133
 18
 76
 186
 13
 6
 975
 0
 19
 0
 20
 5773
 9
 52
 7
 0
 18
 0
 3
 0
 100
 34
 4771
 62
 460
 1
 674
 0
 37
 1
 287
 129
 63
 5370
 199
 6
 203
 0
 37
 1
 21
 23
 704
 212
 4944
 0
 546
 0
 27
 1
 7
 1
 4
 0
 3
 5546
 2
 144
 20
 75
 348
 18
 318
 98
 337
 0
 3453
 0
 63
 0
 1
 1
 0
 1
 0
 272
 1
 5629
 26
 217
 82
 3
 55
 18
 36
 38
 126
 14
 5761
 3
 1
 0
 0
 1
 1
 131
 2
 213
 7
 5702
 0
 0
 0
 0
 0
 0
 0
 0
 0
 0
 5134
 18
 76
 184
 12
 6
 965
 0
 19
 0
 18
 5781
 9
 51
 6
 0
 17
 0
 3
 0
 100
 28
 4780
 60
 459
 1
 660
 0
 37
 1
 287
 128
 63
 5373
 190
 6
 205
 0
 37
 1
 21
 23
 702
 212
 4970
 0
 545
 0
 26
 1
 7
 1
 4
 0
 3
 5561
 2
 142
 20
 73
 348
 17
 312
 100
 324
 0
 3481
 0
 60
 0
 1
 1
 0
 1
 0
 266
 1
 5633
 26
 216
 84
 3
 54
 18
 35
 35
 122
 14
 5765
 3
 0
 0
 0
 1
 1
 125
 2
 211
 7
 5705
 0
 0
 0
 0
 0
 0
 0
 0
 0
 0
 5135
 17
 75
 182
 12
 6
 958
 0
 19
 0
 16
 5783
 8
 50
 6
 0
 17
 0
 3
 0
 100
 28
 4792
 58
 456
 1
 654
 0
 35
 1
 284
 127
 64
 5373
 190
 5
 205
 0
 37
 1
 21
 24
 693
 216
 4985
 0
 543
 0
 26
 1
 7
 1
 3
 0
 3
 5568
 2
 141
 20
 72
 352
 16
 310
 100
 312
 0
 3498
 0
 59
 0
 1
 1
 0
 1
 0
 262
 1
 5638
 26
 215
 84
 3
 55
 18
 35
 35
 120
 14
 5768
 4
 0
 0
 0
 2
 1
 123
 2
 207
 7
 5706
 0
 0
 0
 0
 0
 0
 0
 0
 0
 0
 5141
 17
 74
 177
 12
 6
 948
 0
 18
 0
 15
 5792
 8
 49
 6
 0
 17
 0
 3
 0
 99
 24
 4806
 58
 452
 1
 645
 0
 35
 1
 280
 123
 63
 5385
 189
 4
 204
 0
 39
 1
 20
 23
 686
 216
 4993
 0
 544
 0
 25
 1
 7
 1
 2
 0
 3
 5575
 2
 139
 20
 72
 354
 16
 308
 94
 309
 0
 3522
 0
 59
 0
 1
 1
 0
 1
 0
 260
 1
 5641
 26
 215
 83
 3
 53
 19
 35
 35
 115
 14
 5769
 4
 0
 0
 0
 1
 1
 119
 2
 206
 6
 5706
 0
 0
 0
 0
 0
 0
 0
 0
 0
 0
 5148
 16
 73
 177
 12
 6
 939
 0
 18
 0
 14
 5797
 7
 49
 6
 0
 16
 0
 3
 0
 97
 21
 4811
 55
 446
 1
 635
 0
 34
 1
 276
 122
 65
 5390
 190
 4
 201
 0
 37
 1
 21
 22
 682
 215
 5004
 0
 546
 0
 23
 1
 7
 1
 2
 0
 3
 5577
 2
 140
 19
 69
 353
 17
 309
 93
 305
 0
 3545
 0
 61
 0
 1
 1
 0
 1
 0
 259
 1
 5648
 26
 212
 83
 3
 51
 19
 33
 35
 113
 14
 5773
 4
 0
 0
 0
 1
 1
 118
 2
 198
 6
 5712
 0
 0
 0
 0
 0
 0
 0
 0
 0
 0
 5153
 17
 72
 173
 11
 6
 935
 0
 18
 0
 13
 5800
 7
 47
 6
 0
 16
 0
 3
 0
 96
 19
 4821
 55
 436
 1
 627
 0
 35
 1
 275
 120
 64
 5396
 191
 4
 199
 0
 37
 1
 20
 22
 676
 215
 5023
 0
 546
 0
 23
 1
 7
 1
 2
 0
 3
 5587
 2
 136
 18
 70
 353
 17
 307
 93
 296
 0
 3565
 0
 60
 0
 1
 1
 0
 1
 0
 254
 1
 5653
 25
 211
 82
 3
 51
 19
 33
 33
 107
 14
 5776
 4
 0
 0
 0
 1
 1
 115
 2
 197
 5
 5712
 0
 0
 0
 0
 0
 0
 0
 0
 0
 0
 5157
 17
 74
 171
 11
 6
 934
 0
 18
 0
 12
 5804
 7
 47
 6
 0
 16
 0
 3
 0
 97
 19
 4825
 53
 431
 1
 615
 0
 34
 1
 272
 117
 65
 5398
 189
 4
 198
 0
 37
 1
 20
 21
 674
 215
 5034
 0
 547
 0
 23
 1
 7
 1
 2
 1
 3
 5592
 1
 133
 17
 70
 354
 17
 303
 94
 292
 0
 3580
 0
 61
 0
 1
 1
 0
 1
 0
 250
 1
 5658
 25
 207
 80
 3
 50
 19
 33
 33
 106
 14
 5777
 4
 0
 0
 0
 1
 1
 114
 2
 195
 5
 5716
 0
 0
 0
 0
 0
 0
 0
 0
 0
 0
 5164
 17
 74
 168
 11
 6
 930
 0
 17
 0
 10
 5804
 7
 46
 7
 0
 15
 0
 3
 0
 98
 19
 4834
 54
 427
 1
 609
 0
 34
 1
 270
 118
 65
 5402
 189
 4
 194
 0
 36
 1
 21
 21
 667
 215
 5044
 0
 543
 0
 23
 1
 7
 1
 2
 1
 2
 5605
 1
 131
 17
 67
 350
 17
 301
 93
 286
 0
 3601
 0
 62
 0
 1
 1
 0
 1
 0
 242
 1
 5660
 25
 206
 79
 2
 50
 19
 33
 32
 105
 15
 5778
 4
 0
 0
 0
 1
 1
 110
 1
 194
 5
 5720
 0
 0
 0
 0
 0
 0
 0
 0
 0
 0
 5173
 16
 75
 166
 11
 6
 922
 0
 18
 0
 10
 5806
 7
 45
 7
 0
 15
 0
 3
 0
 97
 19
 4847
 56
 423
 1
 600
 0
 33
 1
 269
 118
 66
 5405
 188
 4
 191
 0
 35
 1
 21
 20
 654
 215
 5059
 0
 539
 0
 23
 1
 6
 1
 2
 1
 2
 5609
 1
 130
 17
 66
 343
 17
 301
 92
 278
 0
 3626
 0
 61
 0
 1
 1
 0
 1
 0
 240
 1
 5662
 25
 208
 79
 2
 48
 18
 31
 32
 104
 15
 5781
 4
 1
 0
 0
 1
 1
 108
 1
 193
 4
 5719
 0
 0
 0
 0
 0
 0
 0
 0
 0
 0
 5176
 18
 77
 164
 11
 6
 915
 0
 18
 0
 10
 5807
 6
 45
 7
 0
 15
 0
 3
 0
 98
 19
 4855
 53
 422
 1
 594
 0
 34
 1
 266
 119
 68
 5407
 189
 3
 189
 0
 35
 1
 21
 18
 650
 217
 5066
 0
 542
 0
 23
 1
 6
 1
 2
 1
 2
 5617
 1
 129
 17
 65
 342
 15
 296
 93
 271
 0
 3640
 0
 59
 0
 1
 1
 0
 1
 0
 235
 1
 5665
 25
 209
 79
 2
 46
 18
 31
 32
 102
 15
 5782
 4
 1
 0
 0
 1
 1
 106
 1
 191
 4
 5719
 0
 0
 0
 0
 0
 0
 0
 0
 0
 0
 5184
 18
 78
 162
 11
 6
 909
 0
 18
 0
 7
 5810
 6
 45
 6
 0
 15
 0
 3
 0
 99
 18
 4864
 52
 419
 1
 585
 0
 33
 1
 262
 119
 69
 5413
 186
 3
 189
 0
 35
 1
 22
 16
 642
 213
 5080
 0
 541
 0
 23
 1
 6
 1
 2
 1
 2
 5619
 1
 128
 17
 64
 340
 15
 295
 95
 264
 0
 3656
 0
 59
 0
 1
 1
 0
 1
 0
 235
 1
 5669
 25
 211
 78
 2
 44
 17
 31
 31
 102
 15
 5783
 4
 1
 0
 0
 1
 1
 105
 1
 188
 4
 5718
 0
 0
 0
 0
 0
 0
 0
 0
 0
 0
 5189
 18
 76
 161
 11
 6
 902
 0
 19
 0
 7
 5813
 6
 44
 5
 0
 15
 0
 3
 0
 98
 17
 4875
 53
 415
 1
 570
 0
 32
 1
 258
 119
 71
 5416
 185
 3
 192
 0
 35
 1
 23
 15
 634
 212
 5090
 0
 535
 0
 23
 1
 6
 1
 2
 1
 2
 5628
 1
 129
 16
 62
 340
 14
 293
 93
 262
 0
 3682
 0
 59
 0
 1
 1
 0
 1
 0
 232
 0
 5671
 25
 210
 77
 2
 43
 18
 29
 30
 102
 14
 5784
 4
 1
 0
 0
 1
 1
 100
 1
 186
 4
 5721
 0
 0
 0
 0
 0
 0
 0
 0
 0
 0
 5195
 17
 74
 156
 10
 6
 893
 0
 19
 0
 7
 5814
 5
 44
 5
 0
 15
 0
 3
 0
 95
 17
 4883
 54
 413
 0
 552
 0
 32
 1
 256
 120
 72
 5423
 185
 3
 190
 0
 35
 1
 24
 14
 629
 211
 5098
 0
 532
 0
 23
 1
 6
 1
 2
 1
 2
 5634
 1
 127
 16
 62
 339
 14
 292
 91
 257
 0
 3714
 0
 56
 0
 1
 1
 0
 1
 0
 229
 0
 5676
 25
 209
 76
 2
 43
 18
 29
 29
 102
 14
 5787
 4
 1
 0
 0
 1
 1
 99
 1
 183
 4
 5722
 0
 0
 0
 0
 0
 0
 0
 0
 0
 0
 5198
 17
 75
 155
 10
 6
 883
 0
 20
 0
 7
 5814
 5
 44
 5
 0
 14
 0
 3
 0
 95
 16
 4892
 50
 409
 0
 551
 0
 32
 1
 252
 121
 71
 5431
 184
 3
 191
 0
 35
 1
 25
 14
 621
 208
 5107
 0
 531
 0
 22
 1
 6
 1
 2
 1
 2
 5641
 1
 125
 16
 62
 339
 14
 291
 91
 254
 0
 3729
 0
 54
 0
 1
 1
 0
 1
 0
 226
 0
 5681
 25
 210
 76
 2
 43
 18
 28
 27
 99
 14
 5789
 4
 1
 0
 0
 1
 1
 97
 1
 180
 4
 5721
 0
 0
 0
 0
 0
 0
 0
 0
 0
 0
 5202
 17
 75
 155
 10
 6
 878
 0
 20
 0
 5
 5815
 5
 44
 5
 0
 14
 0
 3
 0
 95
 16
 4895
 50
 403
 0
 549
 0
 32
 1
 252
 121
 71
 5435
 184
 3
 192
 0
 35
 1
 25
 13
 614
 205
 5115
 0
 527
 0
 22
 1
 6
 1
 2
 1
 1
 5648
 1
 123
 15
 61
 339
 14
 295
 89
 253
 0
 3744
 0
 52
 0
 1
 1
 0
 1
 0
 220
 0
 5687
 25
 206
 74
 2
 43
 19
 28
 27
 94
 13
 5792
 4
 1
 0
 0
 1
 1
 96
 1
 177
 4
 5726
 0
 0
 0
 0
 0
 0
 0
 0
 0
 0
 5202
 17
 75
 154
 9
 6
 872
 0
 20
 0
 5
 5816
 5
 42
 5
 0
 14
 0
 3
 0
 95
 16
 4899
 50
 405
 0
 544
 0
 32
 1
 249
 120
 70
 5440
 184
 3
 191
 0
 35
 1
 25
 13
 614
 205
 5118
 0
 524
 0
 23
 1
 6
 1
 2
 1
 1
 5655
 1
 120
 15
 61
 343
 14
 293
 87
 250
 0
 3761
 0
 50
 0
 1
 1
 0
 1
 0
 216
 0
 5694
 25
 205
 73
 2
 42
 19
 27
 27
 92
 12
 5793
 4
 1
 0
 0
 1
 1
 93
 1
 174
 4
 5727
 0
 0
 0
 0
 0
 0
 0
 0
 0
 0
 5204
 16
 76
 152
 9
 6
 872
 0
 20
 0
 5
 5818
 5
 41
 5
 0
 14
 0
 2
 0
 94
 16
 4904
 51
 403
 0
 536
 0
 33
 1
 248
 119
 70
 5442
 185
 3
 194
 0
 35
 1
 25
 13
 613
 205
 5122
 0
 522
 0
 22
 1
 6
 1
 2
 1
 1
 5658
 1
 115
 14
 61
 343
 14
 289
 87
 247
 0
 3769
 0
 49
 0
 1
 1
 0
 1
 0
 214
 0
 5701
 26
 204
 73
 2
 41
 19
 27
 27
 91
 12
 5795
 4
 1
 0
 0
 1
 1
 92
 1
 172
 4
 5728
 0
 0
 0
 0
 0
 0
 0
 0
 0
 0
 5212
 16
 76
 151
 9
 6
 865
 0
 20
 0
 4
 5820
 5
 39
 5
 0
 14
 0
 2
 0
 94
 15
 4902
 51
 399
 0
 535
 0
 32
 1
 245
 119
 71
 5448
 185
 2
 192
 0
 35
 1
 24
 12
 612
 203
 5132
 0
 518
 0
 22
 1
 5
 1
 2
 1
 1
 5660
 1
 114
 14
 59
 342
 14
 290
 86
 242
 0
 3785
 0
 49
 0
 1
 1
 0
 1
 0
 215
 0
 5702
 25
 199
 72
 2
 42
 19
 26
 26
 89
 12
 5796
 4
 1
 0
 0
 1
 1
 91
 1
 172
 5
 5735
 0
 0
 0
 0
 0
 0
 0
 0
 0
 0
 5220
 15
 76
 150
 9
 6
 862
 0
 20
 0
 4
 5821
 5
 38
 5
 0
 13
 0
 2
 0
 91
 16
 4912
 48
 396
 0
 530
 0
 32
 1
 243
 119
 73
 5453
 185
 2
 188
 0
 33
 1
 24
 11
 606
 203
 5138
 0
 518
 0
 22
 1
 4
 1
 2
 1
 1
 5661
 1
 113
 14
 57
 339
 13
 284
 85
 239
 0
 3797
 0
 49
 0
 1
 2
 0
 1
 0
 214
 0
 5706
 25
 197
 73
 2
 42
 20
 26
 26
 90
 12
 5798
 4
 1
 0
 0
 1
 1
 91
 1
 169
 5
 5739
 0
 0
 0
 0
 0
 0
 0
 0
 0
 0
 5222
 14
 76
 150
 9
 6
 855
 0
 21
 0
 3
 5822
 5
 37
 6
 0
 13
 0
 2
 0
 91
 16
 4911
 48
 398
 0
 523
 1
 32
 1
 244
 119
 72
 5454
 184
 2
 190
 0
 31
 1
 24
 11
 607
 205
 5140
 0
 517
 0
 22
 1
 4
 1
 2
 1
 1
 5669
 1
 111
 13
 57
 334
 13
 286
 84
 235
 1
 3811
 0
 47
 0
 1
 2
 0
 1
 0
 209
 0
 5711
 25
 197
 75
 2
 41
 19
 26
 24
 89
 11
 5802
 4
 2
 0
 0
 1
 1
 89
 1
 166
 5
 5739
 0
 0
 0
 0
 0
 0
 0
 0
 0
 0
 5224
 14
 76
 151
 9
 6
 850
 0
 22
 0
 3
 5823
 5
 35
 6
 0
 13
 0
 2
 0
 91
 16
 4918
 46
 397
 0
 517
 1
 31
 1
 241
 118
 72
 5459
 183
 2
 187
 0
 32
 1
 24
 11
 605
 205
 5146
 0
 514
 0
 22
 1
 4
 1
 2
 1
 1
 5675
 1
 109
 13
 54
 336
 13
 281
 85
 232
 1
 3829
 0
 47
 0
 1
 2
 0
 0
 0
 205
 0
 5714
 24
 198
 74
 2
 41
 18
 25
 24
 88
 11
 5802
 4
 2
 0
 0
 0
 1
 87
 1
 165
 5
 5741
 0
 0
 0
 0
 0
 0
 0
 0
 0
 0
 5226
 14
 76
 153
 8
 6
 846
 0
 22
 0
 3
 5824
 5
 34
 6
 0
 12
 0
 2
 0
 91
 15
 4921
 43
 396
 0
 517
 1
 31
 1
 240
 118
 72
 5462
 180
 2
 189
 0
 31
 1
 25
 11
 599
 204
 5155
 0
 511
 0
 22
 1
 5
 1
 2
 1
 1
 5681
 1
 108
 13
 51
 334
 13
 285
 85
 228
 1
 3838
 0
 47
 0
 1
 2
 0
 0
 0
 200
 0
 5718
 24
 200
 73
 2
 40
 18
 25
 24
 85
 11
 5803
 4
 2
 0
 0
 0
 1
 86
 1
 162
 5
 5742
 0
 0
 0
 0
 0
 0
 0
 0
 0
 0
 5232
 14
 77
 151
 8
 6
 840
 0
 21
 0
 3
 5825
 5
 33
 6
 0
 11
 0
 2
 0
 90
 15
 4923
 43
 398
 0
 514
 1
 31
 1
 237
 116
 73
 5468
 179
 2
 189
 0
 30
 1
 26
 11
 599
 202
 5155
 0
 507
 0
 22
 1
 4
 1
 2
 1
 1
 5681
 1
 105
 13
 50
 334
 14
 282
 84
 227
 1
 3853
 0
 44
 0
 0
 2
 0
 0
 0
 201
 0
 5721
 24
 201
 72
 2
 39
 18
 25
 24
 84
 11
 5808
 4
 2
 0
 0
 0
 1
 85
 1
 162
 5
 5742
 0
 0
 0
 0
 0
 0
 0
 0
 0
 0
 5236
 14
 78
 151
 9
 6
 839
 0
 21
 0
 3
 5826
 5
 33
 6
 0
 11
 0
 2
 0
 90
 15
 4930
 44
 394
 0
 513
 1
 31
 1
 236
 116
 71
 5469
 178
 2
 186
 0
 30
 1
 25
 11
 598
 202
 5160
 0
 505
 0
 22
 1
 4
 1
 2
 1
 1
 5683
 1
 105
 13
 49
 333
 13
 277
 83
 226
 1
 3861
 0
 43
 0
 0
 2
 0
 0
 0
 200
 0
 5724
 23
 202
 71
 2
 39
 17
 25
 23
 83
 11
 5809
 4
 2
 0
 0
 0
 1
 85
 1
 159
 6
 5742
 0
 0
 0
 0
 0
 0
 0
 0
 0
 0
 5241
 14
 81
 149
 9
 6
 834
 0
 21
 0
 3
 5827
 5
 33
 6
 0
 11
 0
 2
 0
 89
 15
 4933
 44
 390
 0
 509
 1
 30
 1
 233
 115
 70
 5473
 179
 2
 188
 0
 29
 1
 23
 11
 596
 200
 5165
 0
 502
 0
 22
 1
 4
 1
 2
 1
 1
 5688
 1
 104
 13
 48
 334
 13
 273
 83
 224
 1
 3874
 0
 43
 0
 0
 2
 0
 0
 0
 200
 0
 5726
 22
 201
 71
 2
 40
 17
 25
 21
 80
 11
 5812
 4
 2
 0
 0
 0
 1
 82
 1
 158
 6
 5744
 0
 0
 0
 0
 0
 0
 0
 0
 0
 0
 5248
 14
 81
 148
 9
 6
 831
 0
 21
 0
 3
 5827
 5
 33
 6
 0
 12
 0
 2
 0
 88
 15
 4940
 43
 390
 0
 509
 1
 30
 1
 228
 115
 70
 5479
 179
 2
 186
 0
 28
 0
 23
 11
 592
 196
 5168
 0
 497
 0
 23
 1
 4
 1
 1
 1
 1
 5691
 1
 101
 13
 47
 333
 13
 271
 83
 222
 1
 3883
 0
 43
 0
 0
 2
 0
 0
 0
 198
 0
 5730
 22
 199
 71
 2
 40
 17
 24
 21
 80
 11
 5812
 4
 2
 0
 0
 0
 1
 81
 1
 157
 6
 5748
 0
 0
 0
 0
 0
 0
 0
 0
 0
 0
 5255
 13
 81
 146
 9
 6
 827
 0
 22
 0
 3
 5829
 5
 33
 6
 1
 12
 0
 2
 0
 88
 15
 4945
 43
 385
 0
 503
 1
 28
 1
 225
 113
 70
 5484
 178
 2
 185
 0
 28
 0
 23
 12
 587
 194
 5178
 0
 492
 0
 22
 1
 4
 1
 1
 1
 1
 5695
 1
 100
 13
 47
 329
 13
 271
 82
 218
 1
 3899
 0
 43
 0
 0
 2
 0
 0
 0
 197
 0
 5732
 22
 198
 71
 2
 40
 17
 24
 20
 80
 10
 5814
 4
 2
 0
 0
 0
 1
 78
 1
 157
 6
 5749
 0
 0
 0
 0
 0
 0
 0
 0
 0
 0
 5265
 13
 81
 146
 9
 6
 828
 0
 21
 0
 3
 5831
 5
 31
 6
 1
 12
 0
 2
 0
 86
 15
 4952
 42
 385
 0
 499
 1
 28
 1
 224
 113
 69
 5489
 179
 2
 187
 0
 28
 0
 23
 10
 583
 194
 5178
 0
 487
 0
 22
 1
 4
 1
 1
 1
 1
 5696
 1
 99
 13
 47
 325
 13
 271
 80
 217
 1
 3907
 0
 41
 0
 0
 2
 0
 0
 0
 196
 0
 5732
 22
 199
 68
 2
 38
 17
 24
 20
 78
 10
 5817
 4
 2
 0
 0
 0
 1
 78
 1
 158
 6
 5748
 0
 0
 0
 0
 0
 0
 0
 0
 0
 0
 5270
 14
 81
 145
 9
 6
 820
 0
 21
 0
 3
 5831
 5
 30
 6
 1
 10
 0
 2
 0
 85
 15
 4957
 42
 384
 0
 493
 1
 28
 1
 219
 113
 69
 5493
 179
 2
 188
 0
 28
 0
 23
 10
 579
 192
 5178
 0
 484
 0
 22
 1
 5
 1
 1
 1
 1
 5698
 1
 96
 12
 47
 325
 13
 270
 80
 218
 1
 3925
 0
 41
 0
 0
 1
 0
 0
 0
 194
 0
 5737
 22
 198
 68
 2
 38
 17
 24
 20
 78
 10
 5818
 3
 2
 0
 0
 0
 1
 78
 1
 156
 6
 5750
 0
 0
 0
 0
 0
 0
 0
 0
 0
 0
 5273
 14
 81
 146
 10
 6
 820
 0
 21
 0
 3
 5831
 5
 30
 6
 1
 10
 0
 2
 0
 85
 15
 4964
 42
 384
 0
 490
 1
 29
 1
 218
 113
 70
 5495
 180
 2
 187
 0
 28
 0
 23
 10
 572
 190
 5175
 0
 479
 0
 22
 1
 5
 1
 1
 1
 1
 5699
 1
 95
 12
 47
 323
 13
 270
 80
 220
 1
 3933
 0
 41
 0
 0
 1
 0
 0
 0
 192
 0
 5738
 22
 195
 68
 2
 37
 16
 23
 20
 79
 10
 5817
 3
 2
 0
 0
 0
 1
 79
 1
 156
 6
 5753
 0
 0
 0
 0
 0
 0
 0
 0
 0
 0
 5276
 15
 81
 146
 10
 5
 814
 0
 21
 0
 3
 5832
 5
 29
 6
 1
 10
 0
 2
 0
 85
 14
 4970
 42
 382
 0
 484
 1
 29
 1
 214
 112
 71
 5497
 180
 2
 188
 0
 28
 0
 24
 10
 567
 190
 5176
 0
 475
 0
 22
 1
 5
 1
 1
 1
 1
 5707
 1
 91
 12
 47
 323
 13
 268
 79
 221
 1
 3948
 0
 41
 0
 0
 1
 0
 0
 0
 188
 0
 5744
 21
 194
 68
 2
 37
 16
 23
 20
 79
 10
 5818
 3
 2
 0
 0
 0
 1
 76
 1
 154
 6
 5754
 0
 0
 0
 0
 0
 0
 0
 0
 0
 0
 5278
 15
 82
 146
 10
 5
 814
 0
 21
 0
 3
 5835
 5
 29
 6
 1
 10
 0
 2
 0
 84
 13
 4975
 42
 381
 0
 474
 1
 29
 1
 211
 110
 71
 5499
 179
 2
 189
 0
 28
 0
 24
 10
 561
 189
 5177
 0
 473
 0
 22
 1
 5
 1
 1
 1
 1
 5709
 1
 91
 12
 47
 325
 13
 268
 79
 222
 1
 3961
 0
 41
 0
 0
 1
 0
 0
 0
 187
 0
 5745
 20
 192
 68
 2
 37
 15
 23
 20
 77
 10
 5819
 3
 2
 0
 0
 0
 1
 75
 1
 153
 6
 5756
 0
 0
 0
 0
 0
 0
 0
 0
 0
 0
 5286
 15
 82
 144
 10
 4
 813
 0
 23
 0
 3
 5835
 5
 29
 6
 1
 10
 0
 2
 0
 84
 13
 4982
 41
 379
 0
 468
 1
 29
 1
 206
 110
 70
 5502
 178
 2
 188
 0
 28
 0
 24
 10
 559
 187
 5184
 0
 469
 0
 22
 1
 5
 1
 1
 1
 1
 5711
 1
 90
 12
 47
 322
 13
 267
 81
 219
 1
 3973
 0
 40
 0
 0
 1
 0
 0
 0
 187
 0
 5746
 19
 191
 68
 2
 34
 15
 22
 20
 77
 10
 5819
 2
 2
 0
 0
 0
 1
 74
 1
 153
 6
 5758
 0
 0
 0
 0
 0
 0
 0
 0
 0
 0
 5289
 15
 82
 143
 10
 4
 809
 0
 23
 0
 3
 5838
 5
 29
 6
 1
 10
 0
 2
 0
 84
 13
 4983
 41
 378
 0
 466
 1
 29
 1
 205
 109
 70
 5502
 177
 2
 188
 0
 28
 0
 24
 8
 559
 187
 5187
 0
 462
 0
 22
 1
 5
 1
 1
 1
 1
 5711
 1
 88
 12
 46
 319
 13
 266
 82
 218
 1
 3986
 0
 40
 0
 0
 1
 0
 0
 0
 187
 0
 5747
 19
 191
 69
 2
 34
 15
 22
 20
 77
 10
 5819
 2
 2
 0
 0
 0
 1
 74
 1
 154
 6
 5759
 0
 0
 0
 0
 0
 0
 0
 0
 0
 0


