# Created by Octave 6.2.0, Sat May 22 16:06:16 2021 GMT <unknown@DESKTOP-PM2CTTO>
# name: confMatrix1
# type: matrix
# ndims: 3
 10 11 50
 5187
 20
 109
 252
 21
 9
 1233
 0
 21
 2
 8
 5760
 5
 58
 17
 0
 15
 0
 4
 0
 96
 34
 4718
 52
 541
 4
 748
 0
 33
 0
 367
 151
 75
 5372
 291
 3
 259
 0
 50
 2
 27
 11
 622
 157
 4375
 0
 359
 0
 25
 0
 12
 2
 8
 3
 6
 5379
 6
 246
 26
 72
 208
 16
 405
 84
 704
 1
 3247
 0
 54
 2
 1
 0
 2
 0
 0
 345
 4
 5359
 34
 194
 87
 6
 56
 19
 44
 27
 128
 16
 5746
 2
 7
 0
 0
 3
 1
 232
 1
 379
 7
 5726
 0
 0
 0
 0
 0
 0
 0
 0
 0
 0
 5280
 16
 102
 212
 11
 8
 1240
 0
 21
 2
 11
 5793
 4
 47
 15
 0
 19
 0
 3
 0
 95
 32
 4862
 45
 514
 2
 688
 0
 37
 0
 306
 129
 74
 5429
 252
 2
 206
 0
 40
 0
 33
 12
 550
 175
 4557
 0
 339
 0
 28
 0
 7
 2
 3
 0
 4
 5479
 4
 192
 19
 54
 198
 15
 356
 72
 614
 0
 3402
 0
 50
 1
 0
 0
 3
 0
 1
 305
 7
 5443
 26
 179
 67
 1
 46
 19
 31
 23
 94
 14
 5772
 5
 3
 0
 0
 1
 1
 181
 1
 351
 4
 5759
 0
 0
 0
 0
 0
 0
 0
 0
 0
 0
 5318
 20
 99
 196
 10
 5
 1192
 0
 19
 2
 10
 5809
 3
 48
 14
 0
 14
 0
 3
 0
 87
 23
 4950
 40
 517
 0
 643
 0
 36
 1
 269
 118
 74
 5438
 219
 1
 192
 0
 35
 0
 41
 11
 507
 191
 4655
 0
 346
 0
 30
 1
 5
 1
 1
 0
 3
 5539
 3
 151
 14
 46
 209
 17
 329
 66
 555
 0
 3531
 0
 52
 1
 0
 0
 3
 0
 0
 280
 5
 5519
 25
 174
 58
 1
 34
 19
 27
 23
 73
 14
 5782
 6
 3
 0
 0
 2
 0
 152
 1
 316
 4
 5769
 0
 0
 0
 0
 0
 0
 0
 0
 0
 0
 5346
 18
 96
 185
 9
 5
 1151
 0
 18
 2
 10
 5819
 2
 47
 13
 0
 15
 0
 3
 0
 85
 23
 4984
 41
 506
 0
 618
 0
 38
 1
 245
 110
 72
 5455
 202
 1
 177
 0
 34
 0
 36
 10
 499
 187
 4740
 0
 343
 0
 28
 1
 4
 0
 1
 0
 2
 5578
 2
 119
 10
 39
 218
 19
 317
 68
 502
 0
 3626
 0
 52
 1
 0
 0
 2
 0
 0
 256
 4
 5573
 25
 172
 52
 1
 27
 16
 26
 22
 63
 14
 5788
 5
 4
 0
 0
 1
 0
 138
 1
 294
 4
 5779
 0
 0
 0
 0
 0
 0
 0
 0
 0
 0
 5366
 19
 97
 176
 14
 5
 1119
 0
 19
 2
 11
 5824
 2
 41
 10
 0
 19
 0
 4
 0
 84
 22
 5023
 39
 500
 0
 599
 0
 39
 1
 227
 106
 70
 5483
 197
 1
 172
 0
 31
 0
 34
 10
 482
 178
 4787
 0
 345
 0
 24
 1
 4
 0
 1
 0
 2
 5616
 2
 108
 11
 37
 222
 18
 296
 68
 466
 1
 3684
 0
 51
 1
 0
 0
 1
 0
 0
 240
 4
 5605
 23
 171
 48
 1
 28
 14
 24
 18
 55
 13
 5794
 4
 4
 0
 0
 1
 0
 119
 1
 274
 4
 5783
 0
 0
 0
 0
 0
 0
 0
 0
 0
 0
 5384
 20
 90
 174
 14
 5
 1078
 1
 19
 2
 10
 5832
 2
 41
 9
 0
 19
 0
 4
 0
 87
 21
 5044
 38
 484
 0
 584
 0
 38
 1
 213
 103
 72
 5490
 185
 1
 171
 0
 30
 0
 31
 9
 474
 179
 4838
 0
 335
 0
 23
 1
 3
 0
 1
 0
 2
 5644
 2
 99
 10
 39
 225
 14
 289
 67
 446
 1
 3752
 0
 51
 1
 0
 0
 0
 0
 0
 228
 4
 5641
 23
 170
 43
 1
 27
 10
 22
 17
 54
 13
 5799
 4
 4
 0
 1
 1
 0
 104
 1
 246
 3
 5782
 0
 0
 0
 0
 0
 0
 0
 0
 0
 0
 5400
 21
 91
 173
 15
 5
 1064
 1
 16
 1
 10
 5836
 3
 38
 9
 0
 18
 0
 4
 0
 86
 19
 5052
 37
 463
 0
 558
 0
 38
 1
 202
 100
 74
 5496
 179
 1
 169
 0
 28
 0
 29
 8
 468
 180
 4877
 0
 320
 0
 26
 1
 3
 0
 1
 0
 2
 5667
 1
 92
 10
 38
 225
 15
 286
 65
 434
 1
 3816
 0
 50
 1
 0
 0
 0
 0
 0
 219
 4
 5658
 22
 161
 41
 1
 24
 9
 21
 13
 49
 13
 5803
 4
 4
 0
 1
 2
 0
 94
 1
 236
 3
 5793
 0
 0
 0
 0
 0
 0
 0
 0
 0
 0
 5414
 21
 89
 176
 15
 4
 1043
 1
 18
 1
 8
 5840
 3
 39
 8
 0
 19
 0
 4
 0
 92
 16
 5074
 35
 452
 0
 542
 0
 38
 1
 194
 100
 73
 5497
 176
 1
 165
 0
 26
 0
 23
 7
 457
 180
 4904
 0
 311
 0
 21
 1
 4
 0
 1
 0
 1
 5686
 1
 83
 9
 36
 224
 15
 280
 63
 424
 2
 3869
 0
 49
 1
 0
 0
 0
 0
 1
 211
 3
 5683
 22
 161
 37
 1
 22
 8
 19
 12
 46
 12
 5810
 4
 4
 0
 1
 2
 0
 84
 1
 221
 3
 5795
 0
 0
 0
 0
 0
 0
 0
 0
 0
 0
 5433
 20
 87
 171
 14
 3
 1029
 1
 21
 1
 8
 5843
 3
 40
 8
 0
 20
 0
 3
 0
 95
 15
 5086
 37
 440
 0
 542
 0
 33
 1
 185
 99
 75
 5505
 175
 1
 160
 0
 26
 0
 21
 7
 449
 176
 4930
 0
 306
 0
 19
 0
 4
 0
 1
 0
 1
 5705
 0
 78
 9
 32
 215
 15
 277
 62
 412
 2
 3894
 0
 44
 1
 0
 0
 0
 0
 1
 201
 2
 5691
 21
 155
 35
 1
 21
 8
 19
 12
 45
 12
 5821
 4
 4
 0
 1
 1
 0
 76
 2
 218
 3
 5806
 0
 0
 0
 0
 0
 0
 0
 0
 0
 0
 5453
 19
 87
 167
 18
 3
 1006
 1
 21
 1
 5
 5843
 3
 39
 9
 0
 17
 0
 3
 0
 97
 15
 5106
 36
 434
 0
 532
 0
 33
 1
 169
 100
 74
 5511
 172
 1
 155
 0
 26
 0
 21
 7
 441
 175
 4953
 0
 293
 0
 18
 0
 3
 0
 1
 0
 1
 5720
 0
 76
 7
 30
 212
 15
 267
 63
 395
 2
 3949
 0
 44
 1
 0
 0
 0
 0
 1
 189
 3
 5700
 21
 155
 36
 1
 20
 8
 17
 12
 43
 12
 5824
 5
 4
 0
 1
 1
 0
 73
 2
 211
 3
 5807
 0
 0
 0
 0
 0
 0
 0
 0
 0
 0
 5466
 20
 87
 167
 18
 3
 990
 1
 23
 1
 6
 5847
 3
 37
 9
 0
 17
 0
 2
 0
 100
 14
 5116
 37
 426
 0
 520
 0
 31
 1
 161
 98
 74
 5515
 170
 1
 153
 0
 26
 0
 19
 6
 437
 172
 4976
 0
 291
 0
 18
 0
 3
 0
 1
 0
 1
 5732
 0
 68
 7
 29
 205
 14
 262
 63
 383
 2
 3983
 0
 42
 0
 0
 0
 0
 0
 1
 181
 2
 5715
 18
 151
 37
 1
 19
 8
 16
 11
 42
 12
 5830
 5
 3
 0
 1
 1
 0
 70
 2
 204
 3
 5813
 0
 0
 0
 0
 0
 0
 0
 0
 0
 0
 5481
 20
 85
 161
 20
 3
 974
 0
 24
 1
 6
 5849
 4
 37
 9
 0
 16
 0
 2
 0
 99
 12
 5134
 35
 423
 0
 513
 0
 26
 1
 155
 97
 72
 5526
 169
 1
 148
 0
 25
 0
 21
 6
 434
 171
 4992
 0
 286
 0
 18
 0
 3
 0
 1
 0
 1
 5742
 0
 64
 7
 27
 198
 15
 253
 61
 369
 2
 4018
 0
 39
 0
 0
 0
 0
 0
 1
 174
 2
 5727
 17
 149
 35
 1
 17
 8
 16
 11
 41
 10
 5839
 5
 2
 0
 0
 1
 0
 67
 2
 199
 3
 5817
 0
 0
 0
 0
 0
 0
 0
 0
 0
 0
 5494
 20
 84
 161
 20
 3
 955
 1
 24
 1
 5
 5851
 4
 37
 9
 0
 15
 0
 3
 0
 98
 12
 5139
 34
 420
 0
 506
 0
 27
 1
 150
 96
 71
 5529
 164
 1
 149
 0
 23
 0
 22
 6
 431
 170
 5011
 0
 282
 0
 19
 0
 3
 0
 1
 0
 1
 5744
 0
 59
 7
 25
 192
 14
 251
 60
 359
 2
 4053
 0
 37
 0
 0
 0
 1
 0
 1
 173
 0
 5738
 17
 147
 34
 1
 18
 8
 15
 10
 37
 9
 5840
 5
 2
 0
 0
 1
 0
 67
 3
 193
 3
 5821
 0
 0
 0
 0
 0
 0
 0
 0
 0
 0
 5503
 21
 82
 159
 22
 3
 939
 0
 24
 1
 5
 5853
 4
 36
 8
 0
 15
 0
 2
 0
 98
 12
 5147
 34
 408
 1
 497
 0
 24
 1
 146
 93
 73
 5537
 164
 1
 150
 0
 23
 0
 21
 6
 423
 166
 5028
 0
 276
 0
 18
 0
 3
 0
 1
 0
 1
 5753
 0
 56
 7
 23
 189
 14
 251
 59
 352
 1
 4086
 0
 36
 0
 0
 0
 1
 0
 1
 168
 0
 5747
 16
 144
 34
 1
 18
 8
 16
 10
 34
 7
 5847
 4
 1
 0
 0
 1
 0
 63
 3
 190
 3
 5827
 0
 0
 0
 0
 0
 0
 0
 0
 0
 0
 5510
 21
 81
 160
 22
 3
 929
 1
 25
 1
 4
 5852
 4
 33
 8
 0
 15
 0
 2
 0
 97
 12
 5156
 30
 403
 1
 486
 0
 24
 0
 144
 93
 70
 5544
 161
 1
 148
 1
 22
 0
 22
 6
 423
 166
 5042
 0
 267
 0
 18
 0
 3
 0
 1
 0
 1
 5764
 0
 52
 7
 22
 186
 14
 246
 58
 347
 1
 4118
 0
 30
 0
 0
 0
 0
 0
 1
 161
 0
 5754
 16
 143
 34
 2
 18
 8
 15
 8
 34
 7
 5853
 4
 0
 0
 1
 1
 0
 61
 3
 185
 3
 5830
 0
 0
 0
 0
 0
 0
 0
 0
 0
 0
 5514
 21
 79
 159
 23
 3
 910
 1
 25
 1
 4
 5853
 4
 32
 8
 0
 15
 0
 2
 0
 98
 11
 5168
 29
 390
 1
 484
 0
 25
 0
 142
 92
 70
 5548
 159
 1
 145
 1
 21
 0
 21
 7
 419
 164
 5063
 0
 262
 0
 18
 0
 3
 0
 1
 0
 1
 5767
 0
 49
 5
 22
 184
 14
 240
 58
 338
 1
 4147
 0
 29
 0
 0
 0
 0
 0
 1
 159
 0
 5760
 17
 142
 34
 2
 18
 9
 17
 8
 34
 7
 5855
 4
 0
 0
 1
 1
 0
 60
 3
 182
 3
 5831
 0
 0
 0
 0
 0
 0
 0
 0
 0
 0
 5528
 21
 79
 160
 22
 3
 897
 1
 25
 1
 4
 5855
 4
 31
 8
 0
 15
 0
 2
 0
 96
 10
 5179
 30
 377
 1
 475
 0
 25
 0
 132
 92
 69
 5550
 160
 1
 146
 1
 20
 0
 19
 7
 414
 162
 5087
 0
 252
 0
 16
 0
 3
 0
 1
 0
 1
 5773
 0
 49
 5
 22
 187
 13
 236
 58
 327
 1
 4179
 0
 27
 0
 0
 0
 1
 0
 1
 156
 0
 5764
 17
 141
 31
 2
 17
 9
 17
 8
 33
 6
 5860
 4
 0
 0
 0
 0
 0
 57
 3
 179
 3
 5832
 0
 0
 0
 0
 0
 0
 0
 0
 0
 0
 5532
 21
 77
 156
 21
 2
 886
 1
 20
 1
 3
 5857
 4
 30
 7
 0
 15
 0
 2
 0
 96
 10
 5185
 30
 372
 2
 468
 0
 25
 0
 131
 91
 70
 5557
 161
 1
 145
 1
 19
 0
 19
 7
 411
 160
 5098
 0
 251
 0
 17
 0
 3
 0
 1
 0
 1
 5778
 0
 46
 5
 22
 185
 12
 234
 58
 324
 1
 4199
 0
 26
 0
 0
 0
 1
 0
 1
 154
 0
 5768
 17
 141
 31
 2
 17
 9
 15
 7
 33
 6
 5866
 4
 0
 0
 0
 0
 0
 55
 3
 178
 3
 5832
 0
 0
 0
 0
 0
 0
 0
 0
 0
 0
 5545
 20
 75
 152
 21
 2
 880
 1
 20
 1
 2
 5860
 4
 27
 7
 0
 15
 0
 2
 0
 95
 10
 5198
 30
 360
 2
 459
 0
 23
 0
 125
 90
 68
 5565
 155
 1
 143
 1
 17
 0
 18
 6
 405
 158
 5121
 0
 244
 0
 18
 0
 3
 0
 1
 0
 1
 5784
 0
 45
 5
 22
 183
 12
 231
 58
 319
 1
 4224
 0
 25
 0
 0
 0
 1
 0
 1
 152
 0
 5774
 15
 141
 29
 2
 17
 10
 15
 7
 32
 6
 5872
 4
 0
 0
 0
 0
 0
 51
 3
 173
 3
 5832
 0
 0
 0
 0
 0
 0
 0
 0
 0
 0
 5557
 20
 75
 150
 21
 2
 867
 1
 18
 1
 2
 5861
 4
 27
 7
 0
 15
 0
 2
 0
 92
 9
 5215
 30
 357
 2
 451
 0
 22
 0
 124
 91
 67
 5569
 152
 1
 141
 1
 17
 0
 18
 6
 397
 156
 5131
 0
 243
 0
 18
 0
 2
 0
 1
 0
 1
 5789
 0
 44
 5
 22
 178
 12
 224
 59
 315
 1
 4248
 0
 24
 0
 0
 0
 1
 0
 1
 149
 0
 5777
 15
 139
 27
 1
 16
 9
 15
 7
 32
 6
 5876
 4
 0
 0
 0
 0
 0
 49
 3
 171
 3
 5834
 0
 0
 0
 0
 0
 0
 0
 0
 0
 0
 5563
 20
 72
 149
 22
 2
 861
 0
 18
 1
 2
 5865
 4
 26
 6
 0
 13
 0
 2
 0
 90
 7
 5224
 28
 347
 2
 445
 0
 22
 0
 123
 89
 68
 5578
 149
 1
 138
 1
 17
 0
 18
 6
 396
 155
 5147
 0
 237
 1
 18
 0
 2
 0
 1
 0
 2
 5791
 0
 42
 5
 22
 175
 12
 218
 56
 312
 1
 4274
 0
 21
 0
 0
 0
 2
 0
 1
 148
 0
 5780
 14
 138
 27
 1
 15
 8
 14
 7
 29
 6
 5880
 3
 0
 0
 0
 0
 0
 48
 3
 170
 3
 5836
 0
 0
 0
 0
 0
 0
 0
 0
 0
 0
 5573
 20
 71
 144
 22
 2
 852
 0
 19
 1
 2
 5866
 4
 25
 6
 0
 11
 0
 2
 0
 89
 8
 5230
 28
 340
 2
 442
 0
 21
 0
 120
 88
 69
 5583
 147
 1
 136
 1
 17
 0
 17
 6
 396
 155
 5157
 0
 234
 1
 18
 0
 2
 0
 1
 0
 2
 5797
 0
 43
 5
 19
 170
 11
 213
 57
 311
 1
 4294
 0
 19
 0
 0
 0
 2
 0
 1
 143
 0
 5781
 14
 139
 27
 1
 14
 8
 14
 7
 29
 6
 5882
 3
 0
 0
 0
 0
 0
 47
 2
 168
 3
 5838
 0
 0
 0
 0
 0
 0
 0
 0
 0
 0
 5584
 18
 71
 140
 22
 2
 843
 0
 18
 1
 2
 5869
 4
 24
 6
 0
 11
 0
 2
 0
 89
 8
 5236
 27
 335
 3
 440
 0
 20
 0
 118
 87
 67
 5595
 144
 1
 135
 1
 18
 0
 17
 6
 395
 151
 5171
 0
 232
 1
 18
 0
 2
 0
 1
 0
 1
 5803
 0
 40
 5
 19
 161
 11
 211
 57
 305
 0
 4309
 0
 20
 0
 0
 0
 2
 0
 1
 141
 0
 5788
 14
 136
 27
 1
 13
 6
 15
 7
 28
 6
 5883
 3
 0
 0
 0
 0
 0
 43
 2
 164
 2
 5841
 0
 0
 0
 0
 0
 0
 0
 0
 0
 0
 5593
 17
 69
 133
 22
 2
 831
 0
 19
 1
 2
 5872
 3
 23
 6
 0
 11
 0
 2
 0
 86
 8
 5248
 28
 327
 3
 432
 0
 20
 0
 112
 85
 66
 5604
 143
 1
 131
 1
 18
 0
 16
 6
 389
 150
 5182
 0
 228
 1
 17
 0
 2
 0
 1
 0
 1
 5807
 0
 38
 5
 18
 162
 11
 209
 56
 303
 0
 4337
 0
 20
 0
 0
 0
 2
 0
 1
 139
 0
 5791
 14
 136
 27
 1
 13
 6
 15
 7
 28
 6
 5883
 3
 0
 0
 0
 0
 0
 41
 2
 163
 2
 5842
 0
 0
 0
 0
 0
 0
 0
 0
 0
 0
 5602
 17
 68
 132
 22
 1
 825
 0
 20
 1
 2
 5873
 2
 23
 6
 0
 11
 0
 2
 0
 84
 8
 5257
 25
 320
 2
 421
 0
 20
 0
 110
 84
 65
 5609
 143
 2
 125
 1
 18
 0
 16
 6
 382
 148
 5198
 0
 225
 1
 17
 0
 2
 0
 1
 0
 1
 5813
 0
 38
 5
 18
 157
 11
 210
 57
 295
 0
 4364
 0
 19
 0
 0
 0
 2
 0
 1
 136
 0
 5793
 14
 135
 27
 1
 13
 6
 14
 7
 27
 6
 5883
 3
 0
 0
 0
 0
 0
 39
 2
 161
 2
 5843
 0
 0
 0
 0
 0
 0
 0
 0
 0
 0
 5603
 16
 67
 126
 22
 1
 820
 0
 20
 1
 3
 5875
 2
 21
 6
 0
 10
 0
 2
 0
 85
 8
 5263
 25
 315
 2
 415
 0
 20
 0
 109
 84
 63
 5621
 143
 2
 124
 1
 18
 0
 16
 6
 381
 144
 5205
 0
 223
 0
 16
 0
 2
 0
 1
 0
 1
 5818
 0
 39
 5
 18
 156
 10
 208
 57
 293
 0
 4379
 0
 19
 0
 0
 0
 2
 0
 1
 131
 0
 5793
 14
 133
 26
 1
 13
 6
 14
 7
 27
 6
 5884
 2
 0
 0
 0
 0
 0
 39
 2
 161
 2
 5846
 0
 0
 0
 0
 0
 0
 0
 0
 0
 0
 5607
 14
 65
 122
 23
 0
 810
 0
 18
 1
 3
 5877
 2
 21
 6
 0
 10
 0
 2
 0
 86
 7
 5273
 25
 311
 2
 409
 0
 19
 0
 107
 85
 61
 5625
 141
 2
 123
 1
 18
 0
 16
 6
 381
 143
 5213
 0
 219
 0
 17
 0
 2
 0
 1
 0
 1
 5824
 0
 38
 5
 18
 154
 10
 202
 58
 291
 0
 4400
 0
 18
 0
 0
 0
 2
 0
 1
 127
 0
 5796
 14
 131
 25
 1
 13
 6
 13
 6
 27
 6
 5887
 2
 0
 0
 0
 0
 0
 39
 2
 159
 2
 5848
 0
 0
 0
 0
 0
 0
 0
 0
 0
 0
 5612
 13
 65
 120
 24
 0
 795
 0
 17
 1
 3
 5880
 2
 21
 6
 0
 11
 0
 1
 0
 84
 6
 5280
 25
 305
 2
 406
 0
 19
 0
 107
 86
 60
 5629
 139
 2
 123
 1
 18
 0
 15
 4
 377
 142
 5225
 0
 214
 0
 18
 0
 2
 0
 1
 0
 1
 5831
 1
 37
 4
 19
 152
 10
 200
 57
 287
 0
 4422
 0
 18
 0
 0
 0
 2
 0
 0
 121
 0
 5800
 14
 129
 25
 1
 13
 6
 13
 6
 26
 6
 5889
 1
 0
 0
 0
 0
 0
 38
 2
 156
 2
 5850
 0
 0
 0
 0
 0
 0
 0
 0
 0
 0
 5618
 13
 64
 116
 25
 0
 787
 0
 17
 1
 3
 5880
 2
 21
 6
 0
 11
 0
 1
 0
 81
 6
 5287
 25
 303
 2
 400
 0
 19
 0
 107
 86
 60
 5634
 137
 2
 123
 1
 18
 0
 15
 4
 373
 141
 5232
 0
 211
 0
 18
 0
 2
 0
 1
 0
 1
 5834
 1
 36
 4
 19
 151
 10
 200
 57
 284
 0
 4440
 0
 18
 0
 0
 0
 2
 0
 0
 120
 0
 5805
 14
 128
 23
 1
 11
 6
 12
 6
 25
 6
 5889
 1
 0
 0
 0
 0
 0
 36
 2
 152
 2
 5851
 0
 0
 0
 0
 0
 0
 0
 0
 0
 0
 5621
 13
 63
 116
 26
 0
 776
 0
 17
 1
 3
 5880
 2
 21
 6
 0
 11
 0
 2
 0
 81
 7
 5294
 23
 300
 2
 395
 0
 19
 0
 106
 86
 61
 5643
 134
 2
 123
 1
 17
 0
 15
 4
 371
 135
 5243
 0
 208
 0
 18
 0
 2
 0
 1
 0
 1
 5837
 1
 35
 4
 19
 150
 9
 195
 56
 279
 0
 4460
 0
 17
 0
 0
 0
 2
 0
 0
 119
 0
 5810
 14
 127
 22
 1
 11
 6
 11
 6
 24
 6
 5890
 1
 0
 0
 0
 0
 0
 34
 2
 148
 2
 5852
 0
 0
 0
 0
 0
 0
 0
 0
 0
 0
 5625
 13
 61
 111
 26
 0
 767
 0
 16
 1
 3
 5882
 2
 20
 6
 0
 11
 0
 2
 0
 80
 7
 5300
 23
 298
 2
 386
 0
 19
 0
 106
 85
 61
 5649
 133
 2
 119
 1
 17
 0
 15
 4
 366
 135
 5245
 0
 206
 0
 17
 0
 2
 0
 1
 0
 1
 5839
 1
 35
 4
 18
 148
 8
 196
 56
 280
 0
 4483
 0
 17
 0
 0
 0
 2
 0
 0
 117
 0
 5811
 14
 127
 21
 1
 11
 6
 11
 6
 25
 6
 5892
 1
 0
 0
 0
 0
 0
 34
 2
 147
 2
 5853
 0
 0
 0
 0
 0
 0
 0
 0
 0
 0
 5628
 12
 60
 111
 25
 0
 750
 0
 16
 1
 3
 5885
 2
 20
 6
 0
 11
 0
 2
 0
 77
 7
 5306
 23
 297
 2
 379
 0
 19
 0
 103
 84
 61
 5652
 131
 2
 119
 1
 18
 0
 15
 4
 360
 133
 5251
 0
 203
 0
 16
 0
 2
 0
 1
 0
 0
 5843
 1
 35
 4
 18
 150
 7
 197
 56
 279
 0
 4510
 0
 16
 0
 0
 0
 2
 0
 0
 114
 0
 5811
 14
 125
 22
 1
 11
 5
 11
 6
 25
 6
 5893
 1
 0
 0
 0
 0
 0
 33
 2
 147
 2
 5855
 0
 0
 0
 0
 0
 0
 0
 0
 0
 0
 5632
 11
 60
 110
 24
 1
 738
 0
 16
 1
 3
 5887
 2
 20
 6
 0
 11
 0
 2
 0
 77
 7
 5310
 23
 298
 2
 373
 0
 18
 0
 102
 84
 61
 5653
 131
 2
 117
 1
 18
 0
 15
 4
 357
 133
 5254
 0
 203
 0
 16
 0
 2
 0
 1
 0
 0
 5845
 1
 34
 4
 17
 147
 6
 197
 56
 276
 0
 4531
 0
 16
 0
 0
 0
 2
 0
 0
 113
 0
 5813
 14
 125
 22
 1
 10
 5
 11
 6
 24
 6
 5894
 1
 0
 0
 0
 0
 0
 31
 2
 146
 2
 5856
 0
 0
 0
 0
 0
 0
 0
 0
 0
 0
 5634
 10
 59
 110
 24
 1
 725
 0
 16
 1
 3
 5889
 2
 19
 6
 0
 11
 0
 2
 0
 76
 7
 5317
 23
 295
 2
 369
 0
 18
 0
 102
 83
 61
 5656
 131
 2
 117
 1
 18
 0
 16
 3
 351
 132
 5259
 0
 200
 0
 16
 0
 2
 0
 1
 0
 0
 5846
 1
 33
 4
 17
 145
 7
 196
 56
 274
 0
 4553
 0
 15
 0
 0
 0
 2
 0
 0
 113
 0
 5814
 14
 124
 22
 1
 11
 4
 11
 6
 22
 6
 5895
 1
 0
 0
 0
 0
 0
 30
 2
 146
 2
 5857
 0
 0
 0
 0
 0
 0
 0
 0
 0
 0
 5639
 10
 58
 108
 24
 0
 721
 0
 16
 1
 3
 5892
 2
 19
 6
 0
 11
 0
 2
 0
 75
 7
 5325
 23
 293
 2
 364
 0
 18
 0
 101
 81
 61
 5660
 130
 1
 116
 1
 18
 0
 16
 3
 347
 129
 5262
 0
 198
 0
 16
 0
 2
 0
 1
 0
 0
 5848
 1
 32
 4
 16
 142
 6
 193
 57
 273
 0
 4565
 0
 15
 0
 0
 0
 2
 0
 0
 113
 0
 5818
 14
 123
 22
 1
 11
 4
 12
 6
 22
 6
 5895
 1
 0
 0
 0
 0
 0
 30
 2
 143
 2
 5859
 0
 0
 0
 0
 0
 0
 0
 0
 0
 0
 5643
 10
 58
 107
 24
 0
 712
 0
 15
 1
 3
 5893
 2
 19
 6
 0
 10
 0
 2
 0
 74
 7
 5328
 23
 291
 2
 359
 0
 19
 0
 100
 81
 61
 5661
 129
 1
 116
 1
 18
 0
 16
 3
 343
 129
 5263
 0
 195
 0
 16
 0
 2
 0
 1
 0
 0
 5849
 1
 32
 4
 16
 140
 5
 194
 57
 275
 0
 4584
 0
 14
 0
 0
 0
 2
 0
 0
 113
 0
 5819
 14
 122
 22
 1
 11
 4
 12
 6
 21
 6
 5896
 1
 0
 0
 0
 0
 0
 29
 2
 142
 2
 5860
 0
 0
 0
 0
 0
 0
 0
 0
 0
 0
 5647
 10
 58
 105
 24
 0
 709
 0
 16
 1
 3
 5893
 2
 19
 5
 0
 9
 0
 2
 0
 74
 7
 5339
 23
 289
 2
 355
 0
 19
 0
 100
 81
 61
 5662
 130
 1
 116
 1
 18
 0
 16
 3
 336
 128
 5266
 0
 192
 0
 16
 0
 2
 0
 1
 0
 0
 5853
 1
 32
 4
 16
 137
 5
 191
 59
 275
 0
 4595
 0
 14
 0
 0
 0
 2
 0
 0
 109
 0
 5820
 14
 122
 21
 1
 10
 4
 11
 6
 21
 6
 5895
 1
 0
 0
 0
 0
 0
 29
 2
 141
 2
 5860
 0
 0
 0
 0
 0
 0
 0
 0
 0
 0
 5648
 10
 57
 105
 23
 0
 700
 0
 16
 1
 3
 5894
 2
 18
 5
 0
 9
 0
 2
 0
 74
 7
 5345
 23
 288
 2
 349
 0
 18
 0
 100
 80
 61
 5665
 130
 1
 115
 1
 18
 0
 17
 3
 332
 127
 5269
 0
 186
 0
 16
 0
 2
 0
 1
 0
 0
 5856
 1
 32
 4
 16
 135
 5
 190
 58
 274
 0
 4617
 0
 14
 0
 0
 0
 2
 0
 0
 107
 0
 5820
 14
 121
 21
 1
 10
 4
 11
 6
 21
 6
 5896
 1
 0
 0
 0
 0
 0
 28
 2
 141
 2
 5861
 0
 0
 0
 0
 0
 0
 0
 0
 0
 0
 5651
 10
 57
 105
 23
 0
 686
 0
 16
 1
 3
 5894
 2
 17
 4
 0
 9
 0
 2
 0
 72
 7
 5348
 23
 284
 2
 346
 0
 18
 0
 99
 80
 61
 5670
 129
 0
 114
 1
 18
 0
 17
 3
 330
 125
 5276
 0
 180
 0
 14
 0
 2
 0
 1
 0
 0
 5858
 1
 32
 4
 15
 135
 5
 189
 56
 272
 0
 4643
 0
 14
 0
 0
 0
 2
 0
 0
 107
 0
 5821
 14
 121
 21
 1
 10
 4
 12
 6
 19
 6
 5898
 1
 0
 0
 0
 0
 0
 27
 2
 140
 2
 5862
 0
 0
 0
 0
 0
 0
 0
 0
 0
 0
 5652
 9
 57
 106
 23
 0
 684
 0
 16
 1
 3
 5896
 2
 17
 4
 0
 9
 0
 2
 0
 71
 7
 5354
 24
 282
 2
 343
 0
 18
 0
 98
 80
 61
 5671
 130
 0
 112
 1
 18
 0
 17
 3
 323
 124
 5278
 0
 179
 0
 14
 0
 2
 0
 1
 0
 0
 5858
 1
 32
 4
 15
 136
 4
 190
 54
 271
 0
 4651
 0
 14
 0
 0
 0
 2
 0
 0
 106
 0
 5822
 14
 119
 21
 1
 10
 4
 12
 6
 19
 6
 5898
 1
 0
 0
 0
 0
 0
 28
 2
 139
 2
 5864
 0
 0
 0
 0
 0
 0
 0
 0
 0
 0
 5655
 9
 57
 105
 22
 0
 681
 0
 16
 1
 3
 5896
 3
 17
 4
 0
 9
 0
 2
 0
 71
 7
 5359
 24
 278
 2
 339
 0
 18
 0
 96
 80
 60
 5674
 130
 0
 113
 1
 18
 0
 17
 3
 317
 122
 5284
 0
 176
 0
 14
 0
 2
 0
 0
 0
 0
 5860
 1
 32
 4
 14
 136
 4
 192
 54
 270
 0
 4661
 0
 14
 0
 0
 0
 2
 0
 0
 105
 0
 5823
 14
 119
 20
 1
 10
 4
 12
 6
 18
 6
 5898
 1
 0
 0
 0
 0
 0
 27
 2
 138
 2
 5865
 0
 0
 0
 0
 0
 0
 0
 0
 0
 0
 5659
 8
 57
 104
 22
 0
 674
 0
 16
 0
 3
 5897
 3
 17
 4
 0
 9
 0
 2
 0
 69
 7
 5363
 24
 277
 2
 333
 0
 18
 0
 96
 79
 60
 5676
 129
 0
 113
 1
 16
 0
 17
 3
 316
 120
 5288
 0
 177
 0
 14
 0
 2
 0
 0
 0
 0
 5861
 1
 31
 3
 14
 134
 5
 190
 55
 269
 0
 4673
 0
 14
 0
 0
 0
 2
 0
 0
 105
 0
 5825
 14
 118
 20
 1
 9
 4
 11
 6
 18
 6
 5901
 1
 0
 0
 0
 0
 0
 26
 2
 137
 2
 5867
 0
 0
 0
 0
 0
 0
 0
 0
 0
 0
 5665
 8
 55
 104
 22
 0
 670
 0
 15
 0
 3
 5897
 3
 16
 4
 0
 9
 0
 2
 0
 68
 7
 5369
 25
 276
 2
 326
 0
 18
 0
 95
 79
 59
 5677
 129
 0
 110
 0
 16
 0
 17
 3
 313
 119
 5289
 0
 172
 0
 14
 0
 2
 0
 0
 0
 0
 5865
 0
 30
 3
 14
 131
 5
 190
 55
 269
 0
 4693
 0
 14
 0
 0
 0
 2
 0
 0
 102
 0
 5827
 13
 118
 19
 1
 9
 4
 11
 6
 18
 7
 5903
 1
 0
 0
 0
 0
 0
 25
 2
 136
 2
 5867
 0
 0
 0
 0
 0
 0
 0
 0
 0
 0
 5670
 8
 54
 103
 22
 0
 664
 0
 15
 0
 3
 5897
 3
 16
 4
 0
 9
 0
 2
 0
 67
 7
 5374
 25
 276
 2
 323
 0
 18
 0
 94
 79
 59
 5678
 127
 0
 110
 0
 16
 0
 18
 3
 311
 119
 5295
 0
 170
 0
 14
 0
 2
 0
 0
 0
 0
 5868
 0
 29
 3
 14
 128
 5
 188
 55
 265
 0
 4704
 0
 14
 0
 0
 0
 2
 0
 0
 100
 0
 5829
 13
 117
 18
 1
 9
 4
 11
 6
 18
 7
 5903
 1
 0
 0
 0
 0
 0
 24
 2
 135
 2
 5868
 0
 0
 0
 0
 0
 0
 0
 0
 0
 0
 5675
 8
 53
 103
 22
 0
 659
 0
 15
 0
 2
 5897
 3
 16
 4
 0
 9
 0
 2
 0
 68
 7
 5379
 25
 274
 2
 322
 0
 18
 0
 91
 79
 59
 5680
 127
 0
 110
 0
 16
 0
 18
 3
 309
 117
 5297
 0
 166
 0
 14
 0
 2
 0
 0
 0
 0
 5868
 0
 29
 3
 14
 125
 4
 186
 55
 265
 0
 4714
 0
 14
 0
 0
 0
 2
 0
 0
 100
 0
 5830
 13
 117
 19
 1
 9
 4
 11
 6
 18
 7
 5903
 1
 0
 1
 0
 0
 0
 24
 2
 134
 2
 5868
 0
 0
 0
 0
 0
 0
 0
 0
 0
 0
 5674
 8
 53
 102
 22
 0
 651
 0
 16
 0
 3
 5897
 3
 16
 4
 0
 9
 0
 2
 0
 67
 7
 5386
 25
 272
 2
 318
 0
 17
 0
 90
 79
 59
 5681
 128
 0
 111
 0
 16
 0
 18
 3
 304
 117
 5300
 0
 162
 0
 14
 0
 2
 0
 0
 0
 0
 5868
 0
 27
 3
 14
 127
 4
 184
 55
 263
 0
 4729
 0
 13
 0
 0
 0
 2
 0
 0
 100
 0
 5833
 13
 116
 19
 1
 9
 4
 11
 6
 18
 7
 5904
 1
 0
 1
 0
 0
 0
 24
 2
 133
 2
 5869
 0
 0
 0
 0
 0
 0
 0
 0
 0
 0
 5681
 8
 53
 98
 22
 0
 647
 0
 15
 0
 3
 5897
 3
 14
 4
 0
 9
 0
 2
 0
 66
 7
 5392
 25
 271
 2
 313
 0
 17
 0
 88
 79
 59
 5688
 128
 0
 109
 0
 16
 0
 19
 3
 302
 118
 5301
 0
 160
 0
 14
 0
 2
 0
 0
 0
 0
 5870
 0
 27
 3
 14
 123
 4
 180
 53
 264
 0
 4743
 0
 13
 0
 0
 0
 2
 0
 0
 98
 0
 5833
 12
 115
 18
 1
 9
 4
 10
 6
 17
 7
 5906
 1
 0
 1
 0
 0
 0
 24
 2
 133
 2
 5870
 0
 0
 0
 0
 0
 0
 0
 0
 0
 0
 5682
 8
 53
 96
 22
 0
 638
 0
 15
 0
 3
 5897
 3
 14
 4
 0
 9
 0
 2
 0
 66
 6
 5396
 24
 270
 2
 310
 0
 15
 0
 88
 79
 59
 5692
 127
 0
 110
 0
 16
 0
 19
 3
 299
 116
 5305
 0
 155
 0
 14
 0
 2
 0
 0
 0
 0
 5871
 0
 27
 3
 14
 122
 5
 179
 54
 262
 0
 4759
 0
 13
 0
 0
 0
 2
 0
 0
 98
 0
 5836
 12
 114
 18
 1
 9
 4
 10
 5
 17
 7
 5908
 1
 0
 1
 0
 0
 0
 24
 2
 130
 2
 5871
 0
 0
 0
 0
 0
 0
 0
 0
 0
 0
 5685
 8
 53
 96
 22
 0
 631
 0
 15
 0
 3
 5897
 2
 15
 5
 0
 9
 0
 2
 0
 66
 6
 5404
 23
 269
 2
 307
 0
 16
 0
 88
 79
 59
 5692
 127
 0
 109
 0
 16
 0
 19
 3
 295
 114
 5305
 0
 151
 0
 14
 0
 2
 0
 0
 0
 0
 5872
 0
 27
 3
 14
 120
 5
 176
 56
 262
 0
 4775
 0
 13
 0
 0
 0
 2
 0
 0
 98
 0
 5838
 12
 113
 17
 1
 9
 4
 10
 5
 16
 7
 5907
 0
 0
 1
 0
 0
 0
 23
 2
 128
 2
 5873
 0
 0
 0
 0
 0
 0
 0
 0
 0
 0
 5687
 8
 53
 96
 22
 0
 625
 0
 15
 0
 3
 5899
 2
 15
 5
 0
 9
 0
 2
 0
 67
 6
 5409
 23
 268
 2
 304
 0
 15
 0
 86
 77
 59
 5692
 127
 0
 110
 0
 16
 0
 19
 3
 293
 114
 5305
 0
 150
 0
 14
 0
 2
 0
 0
 0
 0
 5872
 0
 27
 3
 14
 119
 5
 173
 56
 264
 0
 4785
 0
 12
 0
 0
 0
 2
 0
 0
 98
 0
 5839
 12
 113
 17
 1
 9
 4
 9
 5
 15
 7
 5909
 0
 0
 1
 0
 0
 0
 23
 2
 127
 2
 5873
 0
 0
 0
 0
 0
 0
 0
 0
 0
 0


