# Created by Octave 6.2.0, Wed May 26 21:04:08 2021 GMT <unknown@DESKTOP-PM2CTTO>
# name: confMatrix1
# type: matrix
# ndims: 3
 10 11 50
 5074
 13
 131
 232
 18
 2
 1195
 0
 14
 1
 19
 5763
 8
 66
 12
 1
 17
 0
 5
 0
 89
 18
 4399
 71
 396
 1
 653
 0
 28
 0
 335
 159
 49
 5173
 141
 4
 187
 0
 46
 1
 42
 22
 870
 310
 4783
 0
 544
 0
 32
 0
 35
 3
 31
 23
 15
 5655
 50
 644
 87
 194
 291
 17
 450
 93
 578
 1
 3229
 0
 56
 0
 0
 0
 1
 0
 0
 183
 5
 5022
 27
 214
 110
 4
 61
 29
 56
 24
 120
 16
 5697
 1
 5
 1
 0
 3
 1
 129
 0
 318
 8
 5589
 0
 0
 0
 0
 0
 0
 0
 0
 0
 0
 5173
 15
 106
 213
 12
 3
 1145
 0
 11
 1
 12
 5795
 7
 44
 7
 1
 18
 0
 5
 0
 82
 15
 4584
 51
 383
 0
 556
 0
 40
 0
 274
 135
 53
 5243
 130
 2
 162
 0
 34
 1
 44
 22
 760
 324
 4924
 0
 502
 0
 31
 1
 23
 1
 14
 8
 8
 5726
 15
 575
 46
 168
 313
 13
 429
 86
 502
 1
 3505
 0
 52
 0
 0
 0
 1
 0
 0
 148
 5
 5133
 24
 202
 76
 4
 46
 28
 33
 19
 91
 15
 5752
 2
 3
 0
 0
 3
 1
 100
 1
 277
 5
 5625
 0
 0
 0
 0
 0
 0
 0
 0
 0
 0
 5232
 18
 100
 201
 8
 4
 1086
 0
 10
 1
 12
 5807
 4
 41
 6
 0
 17
 0
 4
 0
 79
 15
 4672
 41
 366
 0
 505
 0
 38
 0
 244
 125
 56
 5287
 119
 2
 153
 0
 32
 1
 43
 21
 728
 323
 5038
 0
 493
 0
 29
 1
 19
 1
 12
 3
 7
 5762
 7
 496
 30
 141
 304
 10
 392
 79
 428
 1
 3658
 0
 52
 0
 0
 0
 1
 0
 0
 127
 2
 5230
 22
 189
 66
 3
 35
 24
 28
 15
 78
 14
 5779
 1
 1
 0
 0
 1
 0
 89
 1
 260
 4
 5666
 0
 0
 0
 0
 0
 0
 0
 0
 0
 0
 5292
 18
 95
 200
 9
 4
 1053
 0
 15
 1
 9
 5816
 3
 38
 6
 1
 19
 0
 4
 0
 76
 15
 4729
 40
 357
 0
 478
 0
 36
 0
 211
 119
 51
 5303
 110
 2
 142
 0
 27
 0
 46
 20
 709
 312
 5116
 0
 476
 0
 32
 1
 13
 1
 7
 1
 8
 5786
 5
 441
 28
 130
 292
 9
 373
 82
 370
 1
 3756
 0
 42
 0
 0
 0
 1
 0
 0
 112
 2
 5291
 21
 177
 60
 2
 32
 23
 24
 15
 68
 14
 5791
 1
 1
 0
 0
 1
 0
 79
 1
 254
 4
 5690
 0
 0
 0
 0
 0
 0
 0
 0
 0
 0
 5324
 17
 102
 199
 8
 4
 1025
 0
 15
 1
 8
 5821
 3
 36
 6
 2
 18
 0
 4
 0
 74
 15
 4769
 38
 349
 0
 452
 0
 35
 0
 192
 114
 47
 5320
 108
 1
 132
 0
 24
 0
 47
 17
 687
 306
 5169
 0
 471
 0
 28
 1
 12
 1
 4
 1
 7
 5809
 4
 395
 26
 119
 287
 13
 360
 80
 330
 1
 3836
 0
 40
 0
 0
 0
 1
 0
 0
 103
 2
 5350
 19
 170
 55
 2
 27
 20
 23
 15
 59
 14
 5806
 2
 1
 0
 0
 0
 0
 65
 1
 241
 3
 5707
 0
 0
 0
 0
 0
 0
 0
 0
 0
 0
 5333
 17
 98
 197
 12
 4
 982
 0
 16
 2
 8
 5830
 3
 38
 5
 2
 18
 0
 4
 0
 73
 15
 4813
 41
 354
 0
 436
 0
 30
 0
 178
 110
 48
 5327
 109
 1
 128
 0
 22
 0
 43
 13
 654
 297
 5181
 0
 455
 0
 27
 1
 11
 2
 4
 1
 6
 5817
 4
 328
 20
 112
 303
 11
 353
 81
 311
 1
 3917
 0
 37
 0
 0
 0
 1
 0
 0
 98
 2
 5429
 18
 167
 50
 2
 26
 18
 22
 17
 57
 14
 5823
 2
 1
 0
 0
 0
 0
 60
 1
 229
 3
 5716
 0
 0
 0
 0
 0
 0
 0
 0
 0
 0
 5365
 17
 96
 196
 12
 4
 973
 0
 17
 2
 8
 5837
 3
 37
 5
 1
 17
 0
 3
 0
 72
 14
 4827
 39
 344
 0
 417
 0
 30
 0
 160
 104
 50
 5337
 107
 1
 125
 0
 20
 0
 39
 12
 642
 287
 5205
 1
 441
 0
 24
 1
 9
 2
 4
 1
 3
 5824
 3
 301
 18
 105
 302
 12
 352
 84
 302
 2
 3968
 1
 35
 0
 0
 0
 0
 0
 0
 95
 1
 5470
 18
 158
 45
 2
 26
 19
 22
 15
 54
 13
 5832
 2
 0
 0
 0
 0
 0
 57
 1
 215
 3
 5732
 0
 0
 0
 0
 0
 0
 0
 0
 0
 0
 5387
 18
 98
 192
 13
 2
 950
 0
 19
 2
 6
 5841
 2
 39
 5
 1
 16
 0
 3
 0
 65
 14
 4852
 39
 339
 0
 401
 0
 27
 0
 148
 100
 52
 5344
 103
 1
 120
 0
 19
 0
 36
 11
 617
 281
 5222
 1
 429
 0
 24
 1
 9
 2
 4
 1
 3
 5832
 2
 284
 14
 102
 309
 12
 352
 86
 296
 2
 4029
 1
 34
 0
 0
 0
 0
 0
 0
 94
 1
 5503
 18
 155
 40
 2
 23
 18
 19
 14
 51
 13
 5839
 2
 0
 0
 0
 0
 0
 53
 1
 199
 3
 5738
 0
 0
 0
 0
 0
 0
 0
 0
 0
 0
 5389
 18
 94
 191
 14
 2
 916
 0
 21
 2
 6
 5843
 2
 37
 7
 1
 18
 0
 2
 0
 67
 15
 4891
 39
 334
 0
 397
 0
 26
 0
 143
 97
 52
 5356
 103
 1
 116
 0
 18
 0
 34
 10
 593
 273
 5230
 1
 419
 0
 24
 1
 7
 2
 4
 1
 3
 5833
 1
 241
 13
 91
 315
 13
 341
 86
 290
 2
 4081
 1
 33
 0
 0
 0
 0
 0
 0
 96
 1
 5549
 18
 154
 39
 2
 23
 17
 19
 14
 50
 13
 5843
 2
 0
 0
 0
 0
 0
 50
 1
 196
 2
 5750
 0
 0
 0
 0
 0
 0
 0
 0
 0
 0
 5387
 18
 93
 185
 15
 2
 881
 0
 21
 2
 6
 5845
 2
 34
 8
 1
 18
 0
 2
 0
 67
 15
 4923
 40
 337
 1
 385
 0
 24
 0
 138
 96
 52
 5383
 107
 1
 113
 0
 19
 0
 33
 10
 568
 259
 5233
 1
 407
 0
 24
 1
 6
 2
 4
 0
 3
 5840
 1
 219
 13
 77
 325
 12
 335
 83
 280
 1
 4143
 1
 33
 0
 0
 0
 0
 0
 0
 93
 1
 5579
 18
 157
 38
 2
 23
 16
 17
 14
 50
 14
 5844
 2
 0
 0
 0
 0
 0
 46
 1
 187
 2
 5761
 0
 0
 0
 0
 0
 0
 0
 0
 0
 0
 5391
 18
 91
 178
 15
 2
 854
 0
 20
 2
 5
 5847
 2
 33
 9
 1
 17
 0
 2
 0
 66
 15
 4958
 40
 341
 1
 381
 1
 22
 0
 136
 95
 53
 5401
 107
 1
 112
 0
 19
 0
 33
 9
 557
 250
 5238
 1
 402
 0
 24
 1
 5
 2
 4
 0
 3
 5843
 1
 192
 13
 74
 328
 13
 313
 82
 271
 1
 4182
 0
 33
 0
 0
 0
 0
 0
 0
 93
 1
 5614
 18
 154
 36
 1
 22
 16
 16
 14
 49
 14
 5847
 2
 0
 0
 0
 0
 0
 43
 1
 179
 2
 5767
 0
 0
 0
 0
 0
 0
 0
 0
 0
 0
 5381
 18
 89
 171
 14
 2
 834
 0
 19
 2
 5
 5848
 2
 32
 9
 1
 16
 0
 2
 0
 64
 15
 4974
 40
 343
 1
 379
 1
 22
 0
 136
 94
 54
 5418
 112
 1
 113
 0
 20
 0
 33
 9
 542
 242
 5235
 1
 396
 0
 23
 1
 5
 2
 4
 0
 3
 5846
 1
 176
 12
 68
 340
 13
 314
 82
 268
 1
 4213
 0
 32
 0
 0
 0
 0
 0
 0
 93
 1
 5635
 18
 154
 36
 1
 21
 15
 16
 14
 46
 14
 5850
 2
 0
 0
 0
 0
 0
 40
 1
 174
 2
 5773
 0
 0
 0
 0
 0
 0
 0
 0
 0
 0
 5383
 18
 88
 165
 14
 2
 809
 0
 17
 1
 5
 5849
 2
 33
 9
 1
 15
 0
 2
 0
 66
 15
 4994
 39
 342
 1
 373
 1
 22
 0
 135
 94
 54
 5428
 113
 1
 115
 0
 20
 0
 31
 9
 525
 239
 5244
 1
 388
 0
 24
 1
 5
 1
 4
 0
 1
 5846
 1
 165
 12
 65
 339
 13
 311
 82
 261
 1
 4250
 0
 29
 0
 0
 0
 0
 0
 0
 93
 1
 5652
 17
 154
 36
 1
 22
 14
 16
 14
 47
 14
 5855
 2
 0
 0
 0
 0
 0
 40
 1
 168
 2
 5777
 0
 0
 0
 0
 0
 0
 0
 0
 0
 0
 5382
 16
 86
 158
 13
 2
 793
 0
 15
 1
 5
 5850
 2
 32
 8
 1
 15
 0
 2
 0
 68
 16
 5017
 36
 348
 1
 370
 1
 21
 0
 135
 95
 54
 5438
 116
 1
 115
 0
 20
 0
 30
 7
 510
 232
 5242
 1
 381
 0
 23
 1
 5
 1
 4
 0
 1
 5847
 1
 152
 11
 62
 340
 14
 305
 90
 256
 1
 4278
 0
 30
 0
 0
 0
 0
 0
 0
 94
 1
 5669
 17
 154
 35
 1
 22
 14
 16
 14
 45
 14
 5859
 2
 0
 0
 0
 0
 0
 38
 1
 164
 2
 5780
 0
 0
 0
 0
 0
 0
 0
 0
 0
 0
 5380
 15
 82
 154
 13
 2
 771
 0
 15
 1
 5
 5851
 2
 34
 8
 1
 15
 0
 2
 0
 68
 15
 5024
 36
 348
 2
 369
 1
 21
 0
 136
 97
 56
 5442
 117
 1
 118
 0
 20
 0
 31
 6
 503
 228
 5247
 1
 376
 0
 23
 1
 5
 1
 4
 0
 1
 5846
 1
 141
 11
 59
 341
 14
 307
 92
 250
 1
 4303
 0
 29
 0
 0
 0
 0
 0
 0
 95
 1
 5681
 16
 154
 34
 1
 22
 14
 16
 14
 45
 14
 5861
 2
 0
 0
 0
 0
 0
 37
 1
 163
 2
 5783
 0
 0
 0
 0
 0
 0
 0
 0
 0
 0
 5373
 14
 79
 148
 13
 3
 749
 0
 15
 1
 5
 5851
 2
 34
 8
 1
 14
 0
 2
 0
 71
 15
 5038
 37
 345
 2
 368
 1
 20
 0
 138
 98
 55
 5456
 118
 1
 124
 0
 20
 0
 31
 6
 498
 220
 5249
 1
 372
 0
 22
 1
 5
 1
 4
 0
 1
 5848
 1
 133
 11
 57
 348
 14
 302
 92
 250
 1
 4329
 0
 29
 0
 0
 0
 0
 0
 0
 96
 1
 5688
 16
 154
 29
 1
 22
 13
 16
 14
 40
 14
 5863
 2
 0
 0
 0
 0
 0
 33
 2
 164
 2
 5785
 0
 0
 0
 0
 0
 0
 0
 0
 0
 0
 5370
 13
 77
 146
 13
 3
 733
 0
 16
 1
 5
 5852
 2
 34
 8
 1
 14
 0
 3
 0
 70
 15
 5047
 37
 348
 2
 365
 1
 19
 0
 140
 98
 56
 5465
 122
 1
 125
 0
 19
 0
 32
 6
 493
 215
 5245
 1
 369
 0
 22
 1
 4
 1
 4
 0
 0
 5849
 1
 130
 11
 54
 349
 14
 300
 90
 248
 1
 4350
 0
 28
 0
 0
 0
 0
 0
 0
 97
 1
 5692
 16
 155
 30
 1
 21
 13
 16
 14
 40
 14
 5864
 3
 0
 0
 0
 0
 0
 31
 2
 163
 2
 5786
 0
 0
 0
 0
 0
 0
 0
 0
 0
 0
 5369
 13
 76
 142
 13
 3
 721
 0
 16
 1
 5
 5853
 2
 33
 8
 1
 14
 0
 3
 0
 70
 16
 5056
 37
 349
 2
 361
 1
 20
 0
 139
 96
 57
 5476
 124
 1
 125
 0
 20
 0
 32
 6
 487
 210
 5244
 1
 366
 0
 21
 1
 4
 1
 4
 0
 0
 5849
 1
 124
 11
 53
 353
 14
 297
 89
 246
 1
 4369
 0
 28
 0
 0
 0
 0
 0
 0
 98
 1
 5700
 16
 155
 28
 1
 21
 13
 16
 13
 40
 14
 5863
 3
 0
 0
 0
 0
 0
 31
 2
 161
 2
 5787
 0
 0
 0
 0
 0
 0
 0
 0
 0
 0
 5366
 13
 74
 138
 13
 3
 708
 0
 17
 1
 4
 5853
 2
 33
 8
 1
 13
 0
 3
 0
 71
 16
 5064
 37
 351
 2
 357
 1
 18
 0
 139
 96
 59
 5487
 125
 1
 126
 0
 20
 0
 32
 6
 478
 203
 5244
 1
 365
 0
 21
 1
 4
 1
 4
 0
 0
 5849
 1
 123
 11
 50
 356
 14
 298
 90
 243
 1
 4389
 0
 27
 0
 0
 0
 0
 0
 0
 98
 1
 5701
 16
 154
 28
 1
 21
 12
 16
 13
 38
 14
 5865
 3
 0
 0
 0
 0
 0
 31
 2
 161
 2
 5791
 0
 0
 0
 0
 0
 0
 0
 0
 0
 0
 5360
 12
 72
 136
 12
 3
 696
 0
 17
 0
 4
 5853
 2
 34
 8
 1
 13
 0
 3
 0
 73
 16
 5071
 37
 352
 2
 359
 1
 18
 0
 140
 96
 60
 5491
 128
 1
 126
 0
 20
 0
 32
 6
 474
 200
 5242
 1
 361
 0
 21
 1
 4
 1
 3
 0
 0
 5849
 1
 120
 11
 50
 359
 13
 297
 90
 242
 1
 4403
 0
 27
 0
 0
 0
 0
 0
 0
 98
 1
 5705
 16
 155
 28
 3
 21
 12
 16
 13
 38
 14
 5865
 3
 0
 0
 0
 0
 0
 31
 2
 160
 2
 5791
 0
 0
 0
 0
 0
 0
 0
 0
 0
 0
 5354
 12
 72
 135
 12
 3
 689
 0
 16
 0
 4
 5854
 2
 34
 8
 1
 13
 0
 3
 0
 73
 15
 5078
 37
 358
 2
 362
 1
 18
 0
 143
 96
 61
 5496
 130
 1
 125
 0
 20
 0
 31
 6
 469
 197
 5235
 1
 355
 0
 21
 1
 4
 1
 3
 0
 0
 5848
 1
 118
 11
 50
 363
 13
 294
 90
 241
 1
 4414
 0
 27
 0
 0
 0
 0
 0
 0
 99
 1
 5708
 16
 155
 28
 3
 21
 11
 16
 13
 38
 14
 5866
 3
 0
 0
 0
 0
 0
 31
 2
 159
 2
 5791
 0
 0
 0
 0
 0
 0
 0
 0
 0
 0
 5348
 10
 71
 133
 13
 3
 682
 0
 15
 0
 4
 5856
 2
 34
 8
 1
 13
 0
 3
 0
 74
 15
 5084
 37
 360
 2
 363
 1
 18
 0
 144
 96
 61
 5504
 134
 1
 124
 0
 20
 0
 30
 6
 463
 190
 5230
 1
 351
 0
 21
 1
 4
 1
 3
 0
 0
 5846
 1
 116
 11
 50
 368
 13
 295
 91
 239
 1
 4426
 0
 28
 0
 0
 0
 0
 0
 0
 101
 1
 5711
 16
 155
 28
 3
 21
 11
 16
 13
 38
 14
 5866
 3
 0
 0
 0
 0
 0
 31
 1
 158
 2
 5791
 0
 0
 0
 0
 0
 0
 0
 0
 0
 0
 5341
 10
 69
 130
 12
 3
 677
 0
 15
 0
 4
 5856
 2
 34
 8
 1
 13
 0
 3
 0
 74
 15
 5089
 37
 363
 2
 362
 1
 18
 0
 146
 96
 61
 5511
 137
 1
 124
 0
 20
 0
 31
 6
 457
 187
 5225
 1
 350
 0
 21
 1
 4
 1
 3
 0
 0
 5845
 1
 113
 10
 50
 372
 13
 298
 91
 239
 1
 4433
 0
 28
 0
 0
 0
 0
 0
 0
 102
 1
 5714
 17
 154
 28
 3
 21
 10
 16
 13
 38
 14
 5866
 3
 0
 0
 0
 0
 0
 31
 1
 158
 2
 5792
 0
 0
 0
 0
 0
 0
 0
 0
 0
 0
 5335
 9
 68
 127
 12
 3
 668
 0
 14
 0
 4
 5856
 2
 34
 8
 1
 13
 0
 3
 0
 74
 15
 5102
 37
 363
 1
 364
 1
 19
 0
 148
 96
 61
 5517
 139
 1
 124
 0
 20
 0
 31
 6
 449
 184
 5223
 1
 346
 0
 21
 1
 3
 1
 3
 0
 0
 5845
 1
 109
 10
 50
 378
 14
 294
 91
 239
 1
 4444
 0
 28
 0
 0
 0
 0
 0
 0
 103
 1
 5718
 17
 154
 27
 3
 21
 10
 16
 13
 38
 14
 5866
 3
 0
 0
 0
 0
 0
 31
 1
 158
 2
 5792
 0
 0
 0
 0
 0
 0
 0
 0
 0
 0
 5330
 9
 66
 126
 12
 3
 658
 0
 15
 0
 3
 5856
 2
 33
 8
 1
 13
 0
 3
 0
 74
 15
 5110
 37
 366
 1
 364
 1
 19
 0
 148
 96
 62
 5521
 141
 1
 126
 0
 21
 0
 31
 6
 443
 182
 5215
 1
 342
 0
 19
 1
 3
 1
 3
 0
 0
 5842
 1
 106
 9
 49
 384
 14
 292
 91
 242
 1
 4456
 0
 28
 0
 0
 0
 0
 0
 0
 106
 1
 5721
 18
 154
 27
 3
 22
 10
 16
 13
 38
 14
 5866
 3
 0
 0
 0
 0
 0
 31
 1
 158
 2
 5793
 0
 0
 0
 0
 0
 0
 0
 0
 0
 0
 5325
 9
 66
 124
 12
 3
 654
 0
 15
 0
 3
 5856
 2
 32
 8
 1
 13
 0
 3
 0
 74
 15
 5117
 37
 367
 1
 364
 1
 19
 0
 149
 96
 62
 5527
 144
 1
 128
 0
 22
 0
 31
 6
 437
 178
 5209
 1
 340
 0
 18
 1
 3
 1
 3
 0
 0
 5840
 1
 105
 9
 49
 389
 14
 291
 92
 244
 1
 4460
 0
 28
 0
 0
 0
 0
 0
 0
 107
 1
 5723
 18
 154
 26
 3
 22
 10
 16
 13
 38
 14
 5866
 3
 0
 0
 0
 0
 0
 32
 1
 157
 2
 5793
 0
 0
 0
 0
 0
 0
 0
 0
 0
 0
 5321
 9
 66
 123
 12
 3
 649
 0
 15
 0
 3
 5856
 2
 32
 8
 1
 13
 0
 3
 0
 74
 15
 5122
 36
 368
 1
 365
 1
 19
 0
 151
 96
 62
 5531
 146
 1
 129
 0
 22
 0
 31
 6
 433
 175
 5206
 1
 334
 0
 18
 1
 3
 1
 3
 0
 0
 5838
 1
 101
 7
 49
 391
 14
 290
 93
 244
 1
 4469
 0
 28
 0
 0
 0
 0
 0
 0
 108
 1
 5727
 18
 154
 26
 3
 22
 10
 16
 13
 38
 14
 5868
 3
 0
 0
 0
 0
 0
 33
 1
 157
 2
 5793
 0
 0
 0
 0
 0
 0
 0
 0
 0
 0
 5319
 9
 66
 121
 12
 3
 645
 0
 15
 0
 3
 5856
 2
 32
 7
 1
 13
 0
 3
 0
 73
 15
 5123
 36
 368
 1
 367
 1
 19
 0
 154
 97
 64
 5534
 146
 1
 129
 0
 22
 0
 31
 6
 431
 174
 5206
 1
 332
 0
 18
 1
 3
 1
 3
 0
 0
 5837
 1
 99
 6
 49
 391
 13
 289
 93
 245
 1
 4473
 0
 27
 0
 0
 0
 0
 0
 0
 109
 1
 5730
 18
 154
 26
 3
 22
 10
 16
 13
 38
 14
 5870
 3
 0
 0
 0
 0
 0
 33
 1
 156
 2
 5793
 0
 0
 0
 0
 0
 0
 0
 0
 0
 0
 5317
 9
 65
 120
 12
 3
 640
 0
 14
 0
 3
 5856
 2
 32
 7
 1
 13
 0
 3
 0
 73
 15
 5129
 36
 370
 1
 369
 1
 19
 0
 155
 97
 64
 5535
 147
 1
 129
 0
 22
 0
 31
 6
 427
 173
 5202
 1
 330
 0
 18
 1
 3
 1
 3
 0
 0
 5837
 1
 99
 6
 49
 392
 13
 288
 94
 246
 1
 4478
 0
 27
 0
 0
 0
 0
 0
 0
 109
 1
 5731
 18
 154
 26
 3
 22
 10
 16
 13
 38
 14
 5871
 3
 0
 0
 0
 0
 0
 33
 1
 155
 2
 5793
 0
 0
 0
 0
 0
 0
 0
 0
 0
 0
 5314
 9
 65
 119
 12
 3
 635
 0
 14
 0
 3
 5856
 2
 32
 7
 1
 13
 0
 3
 0
 73
 15
 5131
 36
 371
 1
 369
 1
 19
 0
 157
 97
 64
 5537
 147
 1
 129
 0
 22
 0
 30
 6
 425
 173
 5200
 1
 330
 0
 18
 1
 3
 1
 3
 0
 0
 5836
 1
 98
 6
 48
 394
 13
 288
 93
 247
 1
 4483
 0
 27
 0
 0
 0
 0
 0
 0
 110
 1
 5733
 18
 155
 26
 3
 22
 10
 16
 13
 38
 14
 5871
 3
 0
 0
 0
 0
 0
 33
 1
 154
 2
 5793
 0
 0
 0
 0
 0
 0
 0
 0
 0
 0
 5316
 9
 65
 119
 13
 3
 635
 0
 14
 0
 3
 5857
 2
 32
 7
 1
 13
 0
 3
 0
 73
 14
 5133
 36
 370
 1
 369
 1
 19
 0
 157
 97
 65
 5539
 149
 1
 129
 0
 22
 0
 30
 6
 422
 172
 5199
 1
 328
 0
 18
 1
 3
 1
 3
 0
 0
 5835
 1
 97
 6
 48
 392
 13
 288
 92
 246
 1
 4485
 0
 28
 0
 0
 0
 0
 0
 0
 111
 1
 5734
 18
 155
 26
 3
 22
 10
 16
 13
 38
 14
 5870
 3
 0
 0
 0
 0
 0
 33
 1
 154
 2
 5793
 0
 0
 0
 0
 0
 0
 0
 0
 0
 0
 5314
 9
 64
 118
 13
 3
 632
 0
 14
 0
 3
 5856
 2
 32
 7
 1
 13
 0
 3
 0
 74
 15
 5131
 36
 371
 1
 368
 1
 19
 0
 157
 97
 66
 5542
 149
 1
 131
 0
 22
 0
 30
 6
 423
 171
 5198
 1
 328
 0
 18
 1
 3
 1
 3
 0
 0
 5834
 1
 95
 6
 48
 393
 13
 289
 91
 246
 1
 4487
 0
 28
 0
 0
 0
 0
 0
 0
 112
 1
 5737
 18
 155
 26
 3
 22
 10
 16
 13
 38
 14
 5870
 3
 0
 0
 0
 0
 0
 33
 1
 153
 2
 5793
 0
 0
 0
 0
 0
 0
 0
 0
 0
 0
 5315
 9
 64
 118
 13
 3
 631
 0
 14
 0
 3
 5856
 2
 32
 7
 1
 13
 0
 3
 0
 74
 15
 5131
 36
 370
 1
 368
 1
 19
 0
 158
 97
 67
 5545
 149
 1
 133
 0
 23
 0
 30
 6
 421
 168
 5199
 1
 328
 0
 18
 1
 3
 1
 3
 0
 0
 5833
 1
 93
 6
 48
 391
 13
 290
 91
 246
 1
 4487
 0
 28
 0
 0
 0
 0
 0
 0
 113
 1
 5739
 18
 156
 26
 3
 22
 10
 16
 13
 37
 14
 5869
 3
 0
 0
 0
 0
 0
 33
 1
 153
 2
 5792
 0
 0
 0
 0
 0
 0
 0
 0
 0
 0
 5315
 9
 64
 117
 13
 3
 632
 0
 14
 0
 3
 5856
 2
 32
 7
 1
 13
 0
 3
 0
 74
 15
 5129
 36
 370
 1
 366
 1
 19
 0
 158
 97
 67
 5546
 150
 1
 134
 0
 23
 0
 30
 6
 422
 168
 5199
 1
 328
 0
 18
 1
 3
 1
 3
 0
 0
 5833
 0
 92
 6
 46
 391
 13
 291
 91
 245
 1
 4488
 0
 28
 0
 0
 0
 0
 0
 0
 113
 1
 5740
 18
 156
 26
 3
 22
 10
 16
 13
 37
 14
 5869
 3
 0
 0
 0
 0
 0
 33
 1
 153
 2
 5794
 0
 0
 0
 0
 0
 0
 0
 0
 0
 0
 5315
 9
 64
 117
 13
 3
 633
 0
 14
 0
 3
 5856
 2
 32
 7
 1
 13
 0
 3
 0
 74
 15
 5128
 35
 370
 1
 363
 0
 19
 0
 158
 97
 67
 5546
 150
 1
 134
 0
 23
 0
 30
 6
 421
 169
 5199
 1
 328
 0
 18
 1
 3
 1
 3
 0
 0
 5829
 0
 89
 6
 46
 391
 13
 293
 91
 245
 1
 4490
 1
 28
 0
 0
 0
 0
 0
 0
 117
 1
 5742
 18
 157
 26
 3
 22
 10
 16
 13
 37
 14
 5869
 3
 0
 0
 0
 0
 0
 33
 1
 154
 2
 5793
 0
 0
 0
 0
 0
 0
 0
 0
 0
 0
 5317
 9
 64
 117
 13
 3
 633
 0
 14
 0
 3
 5856
 2
 31
 7
 1
 13
 0
 3
 0
 75
 14
 5126
 35
 370
 1
 361
 0
 19
 0
 158
 98
 67
 5548
 151
 1
 134
 0
 23
 0
 30
 6
 422
 168
 5200
 1
 329
 0
 18
 1
 3
 1
 3
 0
 0
 5828
 0
 89
 6
 46
 388
 13
 294
 91
 243
 1
 4491
 1
 28
 0
 0
 0
 0
 0
 0
 118
 1
 5742
 18
 158
 26
 3
 22
 10
 16
 13
 37
 14
 5869
 3
 0
 0
 0
 0
 0
 33
 1
 154
 2
 5792
 0
 0
 0
 0
 0
 0
 0
 0
 0
 0
 5318
 9
 65
 116
 13
 3
 632
 0
 14
 0
 3
 5856
 2
 30
 7
 1
 13
 0
 3
 0
 74
 14
 5124
 35
 370
 1
 360
 0
 19
 0
 158
 98
 67
 5551
 152
 1
 134
 0
 23
 0
 30
 6
 423
 167
 5201
 1
 329
 0
 18
 1
 3
 1
 3
 0
 0
 5828
 0
 87
 6
 46
 388
 13
 294
 91
 241
 1
 4493
 1
 28
 0
 0
 0
 0
 0
 0
 118
 1
 5744
 18
 158
 26
 3
 22
 10
 16
 13
 37
 14
 5869
 3
 0
 0
 0
 0
 0
 33
 1
 154
 2
 5792
 0
 0
 0
 0
 0
 0
 0
 0
 0
 0
 5319
 9
 65
 116
 13
 3
 632
 0
 14
 0
 3
 5855
 2
 29
 7
 1
 13
 0
 3
 0
 74
 14
 5122
 35
 369
 1
 359
 0
 19
 0
 158
 99
 67
 5554
 153
 1
 134
 0
 24
 0
 30
 6
 424
 165
 5200
 1
 329
 0
 18
 1
 3
 1
 3
 0
 0
 5825
 0
 87
 6
 46
 387
 13
 295
 91
 242
 1
 4494
 1
 28
 0
 0
 0
 0
 0
 0
 121
 1
 5745
 18
 158
 26
 3
 22
 10
 16
 13
 37
 14
 5868
 3
 0
 0
 0
 0
 0
 33
 1
 153
 2
 5792
 0
 0
 0
 0
 0
 0
 0
 0
 0
 0
 5319
 9
 65
 116
 13
 3
 632
 0
 14
 0
 3
 5855
 2
 28
 7
 1
 13
 0
 3
 0
 74
 14
 5119
 35
 369
 1
 357
 0
 19
 0
 158
 99
 67
 5556
 154
 1
 135
 0
 24
 0
 30
 6
 426
 164
 5198
 1
 328
 0
 18
 1
 3
 1
 3
 0
 0
 5824
 0
 87
 6
 46
 387
 13
 296
 91
 243
 1
 4496
 1
 28
 0
 0
 0
 0
 0
 0
 122
 1
 5746
 19
 158
 26
 3
 22
 10
 16
 13
 37
 14
 5867
 3
 0
 0
 0
 0
 0
 33
 1
 152
 2
 5792
 0
 0
 0
 0
 0
 0
 0
 0
 0
 0
 5319
 9
 65
 116
 13
 3
 634
 0
 14
 0
 3
 5854
 2
 28
 7
 1
 13
 0
 3
 0
 74
 14
 5119
 35
 368
 1
 356
 0
 19
 0
 158
 100
 67
 5556
 154
 1
 135
 0
 24
 0
 29
 6
 426
 164
 5199
 1
 328
 0
 18
 1
 3
 1
 3
 0
 0
 5824
 0
 87
 6
 46
 388
 13
 296
 91
 243
 1
 4495
 1
 28
 0
 0
 0
 0
 0
 0
 122
 1
 5746
 19
 158
 26
 3
 22
 10
 16
 13
 37
 14
 5867
 3
 0
 0
 0
 0
 0
 33
 1
 152
 2
 5792
 0
 0
 0
 0
 0
 0
 0
 0
 0
 0
 5321
 9
 65
 116
 13
 3
 635
 0
 14
 0
 3
 5854
 2
 28
 7
 1
 13
 0
 3
 0
 74
 14
 5118
 35
 368
 1
 355
 0
 19
 0
 158
 100
 67
 5556
 154
 1
 135
 0
 24
 0
 29
 6
 425
 164
 5199
 1
 328
 0
 18
 1
 3
 1
 3
 0
 0
 5823
 0
 86
 6
 46
 386
 13
 298
 91
 243
 1
 4495
 1
 28
 0
 0
 0
 0
 0
 0
 123
 1
 5747
 19
 158
 26
 3
 22
 10
 16
 13
 37
 14
 5867
 3
 0
 0
 0
 0
 0
 33
 1
 152
 2
 5792
 0
 0
 0
 0
 0
 0
 0
 0
 0
 0
 5319
 9
 65
 116
 13
 3
 636
 0
 14
 0
 3
 5854
 2
 28
 7
 1
 13
 0
 3
 0
 74
 14
 5117
 35
 367
 1
 355
 0
 19
 0
 159
 100
 67
 5556
 154
 1
 135
 0
 24
 0
 29
 6
 426
 164
 5200
 1
 328
 0
 18
 1
 3
 1
 3
 0
 0
 5823
 0
 86
 6
 46
 387
 13
 298
 91
 243
 1
 4494
 1
 28
 0
 0
 0
 0
 0
 0
 123
 1
 5747
 19
 158
 26
 3
 22
 10
 16
 13
 37
 14
 5867
 3
 0
 0
 0
 0
 0
 33
 1
 152
 2
 5792
 0
 0
 0
 0
 0
 0
 0
 0
 0
 0
 5321
 9
 65
 117
 13
 3
 635
 0
 14
 0
 3
 5854
 2
 28
 7
 1
 13
 0
 3
 0
 74
 14
 5114
 35
 367
 1
 354
 0
 19
 0
 159
 100
 67
 5555
 154
 1
 135
 0
 24
 0
 29
 6
 428
 164
 5200
 1
 328
 0
 18
 1
 3
 1
 3
 0
 0
 5823
 0
 86
 6
 46
 385
 13
 299
 91
 243
 1
 4495
 1
 28
 0
 0
 0
 0
 0
 0
 123
 1
 5747
 19
 158
 26
 3
 22
 10
 16
 13
 38
 14
 5867
 3
 0
 0
 0
 0
 0
 33
 1
 152
 2
 5792
 0
 0
 0
 0
 0
 0
 0
 0
 0
 0
 5321
 9
 65
 117
 13
 3
 635
 0
 14
 0
 3
 5854
 2
 28
 7
 1
 13
 0
 3
 0
 74
 14
 5114
 35
 366
 1
 354
 0
 19
 0
 159
 100
 67
 5555
 154
 1
 135
 0
 24
 0
 29
 6
 428
 164
 5201
 1
 327
 0
 18
 1
 3
 1
 3
 0
 0
 5823
 0
 86
 6
 46
 385
 13
 299
 91
 243
 1
 4496
 1
 28
 0
 0
 0
 0
 0
 0
 123
 1
 5747
 19
 158
 26
 3
 22
 10
 16
 13
 38
 14
 5867
 3
 0
 0
 0
 0
 0
 33
 1
 152
 2
 5792
 0
 0
 0
 0
 0
 0
 0
 0
 0
 0
 5321
 9
 65
 117
 13
 3
 635
 0
 14
 0
 3
 5854
 2
 28
 7
 1
 13
 0
 3
 0
 74
 14
 5114
 35
 366
 1
 354
 0
 19
 0
 159
 100
 67
 5555
 154
 1
 135
 0
 24
 0
 29
 6
 428
 164
 5201
 1
 327
 0
 18
 1
 3
 1
 3
 0
 0
 5822
 0
 86
 6
 46
 385
 13
 299
 91
 243
 1
 4496
 1
 28
 0
 0
 0
 0
 0
 0
 124
 1
 5748
 19
 158
 26
 3
 22
 10
 16
 13
 38
 14
 5867
 3
 0
 0
 0
 0
 0
 33
 1
 151
 2
 5792
 0
 0
 0
 0
 0
 0
 0
 0
 0
 0
 5321
 9
 65
 117
 13
 3
 635
 0
 14
 0
 3
 5854
 2
 28
 7
 1
 13
 0
 3
 0
 74
 14
 5114
 35
 365
 1
 353
 0
 19
 0
 159
 100
 67
 5555
 154
 1
 135
 0
 24
 0
 29
 6
 428
 164
 5201
 1
 327
 0
 18
 1
 3
 1
 3
 0
 0
 5822
 0
 86
 6
 46
 385
 13
 299
 91
 244
 1
 4497
 1
 28
 0
 0
 0
 0
 0
 0
 124
 1
 5748
 19
 158
 26
 3
 22
 10
 16
 13
 38
 14
 5867
 3
 0
 0
 0
 0
 0
 33
 1
 151
 2
 5792
 0
 0
 0
 0
 0
 0
 0
 0
 0
 0
 5321
 9
 65
 118
 13
 3
 635
 0
 14
 0
 3
 5854
 2
 28
 7
 1
 13
 0
 3
 0
 74
 14
 5114
 35
 365
 1
 353
 0
 19
 0
 159
 100
 67
 5554
 154
 1
 135
 0
 24
 0
 29
 6
 428
 164
 5201
 1
 327
 0
 18
 1
 3
 1
 3
 0
 0
 5822
 0
 86
 6
 46
 385
 13
 299
 91
 244
 1
 4497
 1
 28
 0
 0
 0
 0
 0
 0
 124
 1
 5748
 19
 158
 26
 3
 22
 10
 16
 13
 38
 14
 5867
 3
 0
 0
 0
 0
 0
 33
 1
 151
 2
 5792
 0
 0
 0
 0
 0
 0
 0
 0
 0
 0
 5322
 9
 65
 118
 13
 3
 636
 0
 14
 0
 3
 5854
 2
 28
 7
 1
 13
 0
 3
 0
 74
 14
 5114
 35
 365
 1
 353
 0
 19
 0
 159
 100
 67
 5554
 154
 1
 135
 0
 24
 0
 29
 6
 428
 164
 5201
 1
 327
 0
 18
 1
 3
 1
 3
 0
 0
 5822
 0
 86
 6
 46
 384
 13
 299
 91
 244
 1
 4496
 1
 28
 0
 0
 0
 0
 0
 0
 124
 1
 5748
 19
 158
 26
 3
 22
 10
 16
 13
 38
 14
 5867
 3
 0
 0
 0
 0
 0
 33
 1
 151
 2
 5792
 0
 0
 0
 0
 0
 0
 0
 0
 0
 0
 5322
 9
 65
 118
 13
 3
 637
 0
 14
 0
 3
 5854
 2
 28
 7
 1
 13
 0
 3
 0
 74
 14
 5113
 35
 365
 1
 353
 0
 19
 0
 159
 100
 67
 5554
 154
 1
 135
 0
 24
 0
 29
 6
 428
 164
 5201
 1
 327
 0
 18
 1
 3
 1
 3
 0
 0
 5822
 0
 86
 6
 46
 384
 13
 300
 91
 244
 1
 4495
 1
 28
 0
 0
 0
 0
 0
 0
 124
 1
 5748
 19
 158
 26
 3
 22
 10
 16
 13
 38
 14
 5867
 3
 0
 0
 0
 0
 0
 33
 1
 151
 2
 5792
 0
 0
 0
 0
 0
 0
 0
 0
 0
 0
 5322
 9
 65
 118
 13
 3
 637
 0
 14
 0
 3
 5854
 2
 28
 7
 1
 13
 0
 3
 0
 74
 14
 5113
 34
 365
 1
 353
 0
 19
 0
 159
 100
 67
 5554
 154
 1
 135
 0
 24
 0
 29
 6
 428
 164
 5201
 1
 327
 0
 18
 1
 3
 1
 3
 0
 0
 5821
 0
 86
 6
 46
 384
 13
 300
 92
 244
 1
 4495
 1
 28
 0
 0
 0
 0
 0
 0
 125
 1
 5748
 19
 158
 26
 3
 22
 10
 16
 13
 38
 14
 5867
 3
 0
 0
 0
 0
 0
 33
 1
 151
 2
 5792
 0
 0
 0
 0
 0
 0
 0
 0
 0
 0


